 0.6989700     -100.0000    
 0.7247828     -100.0000    
 0.7491471     -100.0000    
 0.7722167     -52.18447    
 0.7941226     -100.0000    
 0.8348744     -49.55492    
 0.8721282     -48.78893    
 0.9064373     -48.67623    
 0.9382334     -49.00867    
 0.9678594     -49.72331    
 0.9955930     -50.79441    
  1.021661     -52.28408    
  1.046253     -100.0000    
  1.069527     -100.0000    
  1.091616     -100.0000    
  1.132686     -100.0000    
  1.170205     -100.0000    
  1.204739     -100.0000    
  1.236729     -100.0000    
  1.266522     -100.0000    
  1.294403     -100.0000    
  1.320601     -100.0000    
  1.345308     -100.0000    
  1.368685     -100.0000    
  1.390867     -100.0000    
  1.390954     -68.53957    
  1.416604     -100.0000    
  1.416691     -56.24301    
  1.442990     -100.0000    
  1.443077     -60.60441    
  1.465932     -100.0000    
  1.466019     -64.40484    
  1.508260     -100.0000    
  1.546755     -100.0000    
  1.546842     -100.0000    
  1.576102     -69.76092    
  1.576189     -100.0000    
  1.604747     -61.95062    
  1.604834     -100.0000    
  1.638188     -100.0000    
  1.669162     -100.0000    
  1.698073     -100.0000    
  1.725179     -33.65655    
  1.725266     -100.0000    
  1.731654     -32.63415    
  1.731741     -100.0000    
  1.762029     -20.50123    
  1.790341     -100.0000    
  1.790428     -100.0000    
  1.817675     -18.19773    
  1.843313     -22.98782    
  1.843400     -18.80217    
  1.880209     -100.0000    
  1.914140     -100.0000    
  1.914227     -20.80037    
  1.921566     -100.0000    
  1.921653     -100.0000    
  1.926898     -20.53835    
  1.926984     -20.34625    
  1.963156     -18.71323    
  1.996545     -100.0000    
  1.996632     -100.0000    
  1.998156     -100.0000    
  1.998243     -20.34613    
  2.000011     -100.0000    
  2.000098     -100.0000    
  2.007909     -18.60671    
  2.007996     -20.51749    
  2.035463     -100.0000    
  2.061295     -100.0000    
  2.061382     -100.0000    
  2.079712     -100.0000    
  2.097299     -20.57727    
  2.097386     -100.0000    
  2.102584     -19.57105    
  2.102671     -100.0000    
  2.103399     -100.0000    
  2.103486     -100.0000    
  2.106091     -100.0000    
  2.106178     -100.0000    
  2.111629     -100.0000    
  2.111716     -100.0000    
  2.124779     -100.0000    
  2.137460     -21.19502    
  2.137546     -100.0000    
  2.138688     -21.15782    
  2.138775     -19.41986    
  2.149371     -100.0000    
  2.149457     -20.58408    
  2.156847     -19.99148    
  2.156934     -19.53004    
  2.167391     -100.0000    
  2.177603     -17.34857    
  2.177690     -19.00920    
  2.191113     -17.75354    
  2.191200     -17.74266    
  2.203933     -17.17355    
  2.204020     -17.27413    
  2.204170     -17.10714    
  2.204257     -17.02480    
  2.211100     -17.23060    
  2.217836     -100.0000    
  2.217923     -100.0000    
  2.217949     -100.0000    
  2.218035     -17.09182    
  2.223534     -16.88003    
  2.228963     -17.08147    
  2.234326     -100.0000    
  2.239623     -100.0000    
  2.239710     -16.75210    
  2.244929     -16.29718    
  2.250086     -16.14850    
  2.250173     -17.27653    
  2.253695     -16.58894    
  2.253783     -16.57774    
  2.257130     -16.61589    
  2.260453     -15.54114    
  2.263750     -16.38191    
  2.267022     -16.10652    
  2.267109     -15.72012    
  2.270424     -17.07482    
  2.270511     -16.06072    
  2.273173     -16.12623    
  2.275818     -14.50930    
  2.275905     -14.85292    
  2.277893     -16.23791    
  2.279873     -16.00350    
  2.281843     -16.23424    
  2.283804     -16.00434    
  2.283891     -100.0000    
  2.286548     -15.94326    
  2.286635     -15.59715    
  2.286786     -15.58516    
  2.286873     -100.0000    
  2.289320     -14.43620    
  2.291754     -100.0000    
  2.294175     -100.0000    
  2.296582     -14.96097    
  2.298975     -15.66205    
  2.301356     -14.60342    
  2.303724     -14.94794    
  2.304903     -14.89550    
  2.306078     -14.30810    
  2.306165     -14.64188    
  2.308271     -15.43463    
  2.309320     -14.26895    
  2.310366     -15.88116    
  2.311410     -14.24718    
  2.312452     -14.56914    
  2.313491     -14.96441    
  2.314528     -15.02159    
  2.314614     -15.18044    
  2.316029     -15.37050    
  2.317438     -14.76069    
  2.318843     -15.25515    
  2.320243     -15.23326    
  2.321639     -16.30603    
  2.323031     -100.0000    
  2.324418     -100.0000    
  2.325800     -100.0000    
  2.325887     -100.0000    
  2.326813     -100.0000    
  2.327736     -100.0000    
  2.327823     -15.53053    
  2.328856     -15.55293    
  2.329886     -100.0000    
  2.330914     -100.0000    
  2.331939     -100.0000    
  2.332026     -100.0000    
  2.333194     -100.0000    
  2.334359     -15.40327    
  2.335520     -100.0000    
  2.336679     -100.0000    
  2.337835     -100.0000    
  2.338987     -100.0000    
  2.339562     -100.0000    
  2.340137     -100.0000    
  2.340710     -100.0000    
  2.341283     -100.0000    
  2.341370     -100.0000    
  2.341472     -100.0000    
  2.342052     -100.0000    
  2.342631     -100.0000    
  2.343209     -15.55688    
  2.343786     -100.0000    
  2.343873     -100.0000    
  2.344850     -15.14073    
  2.345825     -100.0000    
  2.345912     -100.0000    
  2.346421     -100.0000    
  2.346929     -100.0000    
  2.347437     -100.0000    
  2.347944     -100.0000    
  2.348450     -14.15763    
  2.348956     -100.0000    
  2.349462     -100.0000    
  2.349966     -100.0000    
  2.350470     -100.0000    
  2.350974     -100.0000    
  2.351477     -100.0000    
  2.351979     -100.0000    
  2.352481     -100.0000    
  2.352982     -100.0000    
  2.353483     -100.0000    
  2.353983     -100.0000    
  2.354070     -100.0000    
  2.354511     -100.0000    
  2.354951     -100.0000    
  2.355390     -100.0000    
  2.355830     -100.0000    
  2.356268     -100.0000    
  2.356707     -100.0000    
  2.357145     -100.0000    
  2.357582     -100.0000    
  2.357669     -100.0000    
  2.368003     -8.164037    
  2.378097     -7.627458    
  2.378184     -7.678611    
  2.381409     -7.201539    
  2.381496     -7.060225    
  2.384668     -7.268933    
  2.384755     -7.512496    
  2.387126     -7.386150    
  2.387213     -7.522887    
  2.396614     -7.243568    
  2.405816     -6.503289    
  2.405903     -6.403939    
  2.409533     -9.358969    
  2.409620     -7.181049    
  2.409967     -6.689601    
  2.410054     -5.917559    
  2.411499     -5.687703    
  2.411586     -6.033401    
  2.413098     -5.882780    
  2.413185     -6.143861    
  2.417226     -6.528101    
  2.417313     -5.848837    
  2.417446     -5.625125    
  2.417533     -5.978065    
  2.429909     -5.761446    
  2.429996     -6.105341    
  2.433515     -5.833172    
  2.433602     -5.428241    
  2.434760     -4.928112    
  2.434847     -4.997508    
  2.442885     -5.501244    
  2.442972     -100.0000    
  2.449373     -5.129740    
  2.449461     -4.998483    
  2.457103     -5.902149    
  2.457190     -5.171530    
  2.462242     -5.293432    
  2.462329     -5.883018    
  2.466974     -6.544509    
  2.467061     -6.428305    
  2.471828     -5.713836    
  2.471915     -100.0000    
  2.475654     -4.416792    
  2.475741     -4.051263    
  2.476442     -100.0000    
  2.476529     -5.614884    
  2.476977     -100.0000    
  2.477064     -5.457493    
  2.483967     -5.276082    
  2.484054     -4.733036    
  2.484128     -4.708431    
  2.484215     -4.851925    
  2.486623     -4.556858    
  2.489019     -5.205245    
  2.491401     -4.994719    
  2.493770     -4.959739    
  2.493857     -5.340841    
  2.496105     -5.227963    
  2.496192     -4.913085    
  2.500073     -100.0000    
  2.503920     -5.122797    
  2.504007     -5.247424    
  2.504069     -5.286446    
  2.504156     -100.0000    
  2.506191     -3.979885    
  2.506278     -4.685064    
  2.508598     -6.076564    
  2.510906     -3.687059    
  2.513202     -4.615554    
  2.515486     -3.962801    
  2.515573     -3.894719    
  2.515719     -3.883412    
  2.515805     -3.851228    
  2.515872     -3.824125    
  2.515959     -3.748088    
  2.516940     -4.139055    
  2.517027     -3.916520    
  2.517941     -3.972014    
  2.518028     -3.915554    
  2.521751     -5.017624    
  2.525442     -4.812088    
  2.529102     -5.366663    
  2.532731     -4.094043    
  2.532818     -4.408533    
  2.536358     -100.0000    
  2.539870     -4.711471    
  2.543353     -5.153960    
  2.546808     -4.651280    
  2.546895     -4.879267    
  2.550815     -4.823173    
  2.554701     -4.540817    
  2.554788     -4.398167    
  2.557290     -4.672384    
  2.559778     -6.141512    
  2.562253     -100.0000    
  2.564713     -4.501237    
  2.564800     -100.0000    
  2.568069     -3.944520    
  2.571315     -4.729790    
  2.571402     -4.382194    
  2.571490     -4.560319    
  2.571576     -4.375806    
  2.573826     -100.0000    
  2.576063     -4.849395    
  2.578290     -5.117840    
  2.580505     -100.0000    
  2.582709     -4.973701    
  2.584901     -6.564627    
  2.587083     -100.0000    
  2.589253     -5.245893    
  2.593562     -5.253334    
  2.597829     -4.836566    
  2.602054     -4.871653    
  2.606239     -4.275772    
  2.606326     -3.702482    
  2.607239     -100.0000    
  2.607326     -4.788395    
  2.610420     -4.286372    
  2.613493     -4.727923    
  2.616544     -3.664556    
  2.619574     -100.0000    
  2.619659     -4.594018    
  2.619746     -4.784855    
  2.621962     -4.985800    
  2.622049     -4.260034    
  2.624766     -4.459447    
  2.624853     -4.728983    
  2.627024     -4.100949    
  2.627110     -4.022218    
  2.629772     -4.562315    
  2.632418     -4.160058    
  2.632505     -4.023913    
  2.633585     -3.876518    
  2.633672     -3.700506    
  2.636765     -4.064820    
  2.639836     -3.819859    
  2.642885     -3.513583    
  2.645913     -3.472803    
  2.646000     -3.445041    
  2.648513     -3.659756    
  2.648600     -4.179380    
  2.651250     -3.579350    
  2.653884     -3.540419    
  2.653971     -3.566139    
  2.655848     -100.0000    
  2.655935     -3.904740    
  2.656856     -3.591517    
  2.656943     -3.599513    
  2.659789     -3.698163    
  2.659876     -3.798617    
  2.661711     -3.564481    
  2.661798     -3.547965    
  2.662214     -3.652634    
  2.662301     -3.912623    
  2.662838     -3.531470    
  2.662925     -3.531456    
  2.664892     -3.617450    
  2.666851     -3.681878    
  2.668801     -3.420176    
  2.670742     -3.624618    
  2.670829     -3.637055    
  2.671969     -3.651442    
  2.673106     -3.578848    
  2.674240     -3.574476    
  2.675371     -3.635891    
  2.675458     -3.684520    
  2.676606     -3.704964    
  2.677752     -3.812358    
  2.677838     -3.757088    
  2.679282     -3.881576    
  2.680721     -3.946187    
  2.682155     -3.968197    
  2.683585     -3.983048    
  2.683672     -4.010042    
  2.684831     -3.878410    
  2.685988     -3.891670    
  2.686075     -4.068134    
  2.686520     -3.884834    
  2.686607     -4.058403    
  2.687604     -3.704091    
  2.688599     -3.773384    
  2.688685     -3.762878    
  2.689315     -3.595656    
  2.689943     -3.719140    
  2.690571     -3.549617    
  2.691198     -3.580482    
  2.691823     -3.622286    
  2.692448     -3.710624    
  2.693072     -3.723588    
  2.693695     -3.737392    
  2.694318     -3.836172    
  2.694939     -3.783457    
  2.695559     -3.911465    
  2.696179     -3.903585    
  2.696797     -3.875439    
  2.697415     -3.888974    
  2.698032     -3.921539    
  2.698648     -3.898926    
  2.698717     -3.915809    
  2.698803     -3.952945    
  2.699142     -3.942241    
  2.699229     -3.943600    
  2.700077     -3.988178    
  2.700500     -3.977701    
  2.700923     -4.103708    
  2.701345     -4.022458    
  2.701767     -3.942491    
  2.702189     -3.925669    
  2.702610     -3.965563    
  2.702697     -4.054830    
  2.706323     -3.924836    
  2.706410     -3.881665    
  2.708352     -4.025934    
  2.708438     -3.997816    
  2.709271     -3.983233    
  2.709358     -4.114544    
  2.712230     -3.960959    
  2.712317     -3.970329    
  2.721359     -4.244833    
  2.721446     -4.168451    
  2.728368     -3.886488    
  2.728455     -4.213153    
  2.735992     -4.059097    
  2.736079     -4.023800    
  2.737059     -4.058949    
  2.737145     -4.170773    
  2.740490     -4.139880    
  2.740577     -4.280282    
  2.743703     -4.138309    
  2.743790     -4.068812    
  2.753850     -4.172925    
  2.753937     -4.196181    
  2.756676     -4.206140    
  2.756763     -4.141456    
  2.758474     -4.149601    
  2.758561     -4.139339    
  2.759027     -4.129289    
  2.759113     -4.207568    
  2.765400     -4.171080    
  2.765487     -4.147286    
  2.765755     -4.239582    
  2.765842     -4.152666    
  2.777752     -4.174862    
  2.789343     -4.155278    
  2.789430     -4.157733    
  2.792049     -4.175627    
  2.792136     -4.178746    
  2.795957     -4.205036    
  2.796043     -4.213373    
  2.813152     -4.254017    
  2.829613     -4.290123    
  2.829700     -4.294471    
  2.835804     -4.342010    
  2.835890     -4.737234    
  2.841429     -4.104639    
  2.841516     -4.233656    
  2.845992     -4.288719    
  2.846079     -4.303535    
  2.846320     -4.312025    
  2.846407     -4.325756    
  2.851273     -4.359712    
  2.851359     -4.353157    
  2.851605     -4.368475    
  2.851692     -4.417783    
  2.852906     -4.384269    
  2.852993     -4.348604    
  2.853729     -4.377364    
  2.853817     -4.538347    
  2.856721     -4.225221    
  2.856808     -4.313202    
  2.861695     -4.350626    
  2.861782     -4.334085    
  2.863190     -4.385221    
  2.863277     -4.388628    
  2.866955     -4.355004    
  2.867042     -4.334562    
  2.872704     -4.443861    
  2.872791     -4.470466    
  2.877117     -4.379303    
  2.877204     -4.325109    
  2.880604     -4.387025    
  2.880690     -4.370535    
  2.882313     -4.499807    
  2.882400     -4.446945    
  2.882670     -4.430002    
  2.882757     -100.0000    
  2.886654     -4.121416    
  2.886684     -4.192497    
  2.886741     -4.190069    
  2.886771     -4.422441    
  2.893704     -4.199964    
  2.893791     -4.184601    
  2.894071     -4.199769    
  2.894157     -4.201806    
  2.895095     -4.255294    
  2.895182     -4.271840    
  2.896767     -4.374088    
  2.896854     -4.355751    
  2.897787     -4.375593    
  2.897873     -4.387826    
  2.899209     -4.510949    
  2.899296     -4.413826    
  2.908098     -4.478692    
  2.908185     -4.463871    
  2.908477     -4.467157    
  2.908564     -4.437108    
  2.916527     -4.586831    
  2.916614     -4.533349    
  2.916785     -4.550614    
  2.916872     -4.559585    
  2.917171     -4.533588    
  2.917258     -4.486787    
  2.921759     -4.493974    
  2.921845     -4.479605    
  2.925030     -4.475407    
  2.925116     -4.478748    
  2.925941     -4.488309    
  2.926028     -4.471952    
  2.927554     -4.488353    
  2.927641     -4.490545    
  2.927950     -4.491545    
  2.928037     -4.515583    
  2.928671     -4.603736    
  2.928758     -4.555510    
  2.929127     -4.499075    
  2.929214     -4.502276    
  2.929524     -4.535882    
  2.929611     -4.533811    
  2.930245     -4.549091    
  2.930332     -4.537517    
  2.930644     -4.494322    
  2.930731     -4.480939    
  2.930956     -4.457373    
  2.931043     -4.490121    
  2.934646     -4.468102    
  2.934733     -4.515415    
  2.936807     -4.529502    
  2.936894     -4.498402    
  2.937517     -4.470422    
  2.937604     -4.501354    
  2.943894     -4.455527    
  2.943981     -4.451159    
  2.945266     -4.524620    
  2.945353     -4.489524    
  2.946273     -4.505300    
  2.946360     -4.509876    
  2.946687     -4.506555    
  2.946774     -4.513201    
  2.951287     -4.477190    
  2.951374     -4.507561    
  2.953750     -4.517590    
  2.953837     -4.500807    
  2.955030     -4.530074    
  2.955117     -4.528915    
  2.955739     -4.517637    
  2.955826     -4.513313    
  2.956161     -4.515908    
  2.956248     -4.531839    
  2.957703     -4.524212    
  2.957790     -4.527188    
  2.959196     -4.479311    
  2.959269     -4.485225    
  2.959356     -4.484289    
  2.959520     -4.483891    
  2.959575     -4.484437    
  2.959607     -4.484760    
  2.959642     -4.485157    
  2.959678     -4.485761    
  2.959729     -4.460662    
  2.960694     -4.398363    
  2.960781     -4.417927    
  2.961122     -4.417255    
  2.961209     -4.368914    
  2.965318     -4.885536    
  2.965405     -4.473909    
  2.975729     -4.486928    
  2.975815     -4.489745    
  2.976171     -4.464595    
  2.976258     -4.479635    
  2.982423     -4.840356    
  2.982509     -4.526677    
  2.982872     -4.429824    
  2.982959     -4.497363    
  3.010185     -4.506211    
  3.035804     -4.599536    
  3.059995     -4.738008    
  3.082910     -4.694385    
  3.082997     -5.043596    
  3.088154     -4.336928    
  3.088240     -4.492573    
  3.089212     -4.458961    
  3.089299     -4.627089    
  3.110593     -4.755958    
  3.110679     -4.653464    
  3.114687     -4.807455    
  3.114774     -4.937330    
  3.116978     -4.704424    
  3.117065     -4.740202    
  3.125998     -4.632437    
  3.126084     -4.582525    
  3.126554     -4.676287    
  3.126641     -4.705977    
  3.126962     -4.734070    
  3.127049     -4.740838    
  3.127687     -4.582916    
  3.127774     -4.624691    
  3.132800     -4.765824    
  3.132887     -4.741628    
  3.135587     -5.473864    
  3.135674     -4.777767    
  3.144101     -4.789587    
  3.144188     -4.765563    
  3.144945     -4.684528    
  3.145031     -4.547724    
  3.146758     -5.109785    
  3.146845     -5.884533    
  3.147795     -4.609944    
  3.147882     -4.744087    
  3.148717     -5.979130    
  3.148804     -100.0000    
  3.150628     -4.485736    
  3.150714     -4.686370    
  3.152935     -4.811792    
  3.153022     -4.649848    
  3.153068     -4.635023    
  3.153155     -4.621869    
  3.153381     -4.572749    
  3.153434     -4.558000    
  3.153468     -4.551275    
  3.153521     -4.627324    
  3.164634     -4.926028    
  3.164720     -4.619105    
  3.187464     -4.824081    
  3.187551     -4.794356    
  3.188338     -4.898995    
  3.188425     -5.221892    
  3.192224     -5.229043    
  3.192311     -4.669698    
  3.194885     -4.552293    
  3.194972     -4.641641    
  3.196916     -4.764929    
  3.197003     -4.837005    
  3.204661     -4.880467    
  3.204747     -4.843453    
  3.207365     -4.841626    
  3.207452     -4.550608    
  3.229897     -4.889572    
  3.251238     -5.148929    
  3.251325     -5.240541    
  3.279515     -5.321557    
  3.305985     -5.468077    
  3.306072     -5.483369    
  3.306887     -5.476822    
  3.306974     -5.468462    
  3.309833     -5.473986    
  3.309920     -5.477187    
  3.310624     -5.483339    
  3.310710     -5.487004    
  3.311825     -5.482158    
  3.311912     -5.469139    
  3.333122     -5.468650    
  3.333209     -5.522077    
  3.351163     -5.568466    
  3.351250     -5.606456    
  3.367435     -5.593479    
  3.367521     -5.663058    
  3.389771     -5.670468    
  3.389858     -5.811358    
  3.395039     -5.824428    
  3.395125     -5.826533    
  3.400648     -5.827184    
  3.400735     -5.619038    
  3.400855     -5.575736    
  3.400942     -5.470675    
  3.414942     -6.100573    
  3.415029     -5.880257    
  3.421764     -5.901031    
  3.421850     -5.901982    
  3.426245     -5.908112    
  3.426332     -6.011786    
  3.444934     -5.568446    
  3.445021     -5.951537    
  3.467592     -5.982785    
  3.467679     -6.045971    
  3.469843     -5.998676    
  3.469930     -5.938323    
  3.494277     -6.043523    
  3.494364     -5.836609    
  3.534135     -6.118284    
  3.534222     -6.107144    
  3.553235     -6.056782    
  3.553322     -6.212919    
  3.555628     -6.220409    
  3.555714     -6.218059    
  3.558846     -6.232919    
  3.558933     -6.234650    
  3.561019     -6.230801    
  3.561106     -6.229087    
  3.561368     -6.231044    
  3.561455     -6.231739    
  3.561702     -6.233292    
  3.561789     -6.229319    
  3.565681     -6.276789    
  3.565768     -6.297500    
  3.628600     -6.275546    
  3.628687     -6.489101    
  3.644191     -6.367967    
  3.644278     -6.557591    
  3.663615     -6.337975    
  3.663702     -6.012036    
  3.688052     -6.375895    
  3.688139     -6.292376    
  3.688862     -6.278158    
  3.688948     -6.277363    
  3.691459     -6.413610    
  3.691545     -6.541085    
  3.719779     -6.735535    
  3.719866     -6.602404    
  3.755217     -6.723363    
  3.755304     -6.792409    
  3.755522     -6.791611    
  3.755609     -6.758905    
  3.793452     -6.879915    
  3.793539     -7.133678    
  3.821564     -6.645701    
  3.821651     -6.863708    
  3.871179     -7.044906    
  3.871266     -7.088114    
  3.894387     -7.121500    
  3.894474     -7.187896    
  3.913068     -7.240027    
  3.913155     -7.234654    
  3.913186     -7.234456    
  3.913273     -7.232889    
  3.913885     -7.237253    
  3.913972     -7.314835    
  3.916915     -7.098085    
  3.917002     -7.241456    
  4.047778     -7.409966    
  4.047865     -7.521339    
  4.155926     -7.900337    
  4.156013     -7.838714    
  4.161727     -7.927895    
  4.161814     -7.931253    
  4.163762     -7.946913    
  4.163849     -7.867918    
  4.266067     -8.230093    
  4.266154     -7.956192    
  4.353233     -8.590650    
  4.353320     -8.494498    
  4.356074     -8.419698    
  4.356161     -8.429627    
  4.357582     -8.454376    
  4.357669     -8.471616    
  4.440368     -8.675518    
  4.440454     -8.653145    
  4.512937     -8.725983    
  4.513024     -8.929616    
  4.514610     -8.935069    
  4.514697     -8.935912    
  4.515944     -8.936429    
  4.516032     -8.920574    
  4.585469     -9.094543    
  4.585556     -9.071859    
  4.648489     -9.216940    
  4.648576     -9.286703    
  4.649548     -9.305181    
  4.649634     -9.305350    
  4.649838     -9.308719    
  4.649925     -9.224109    
  4.709764     -9.388205    
  4.709852     -9.463796    
  4.765753     -9.550502    
  4.765822     -9.639995    
  4.765844     -9.638193    
  4.765909     -9.635413    
  4.765931     -9.607190    
  4.818480     -9.798893    
  4.818567     -9.727567    
  4.868094     -9.816253    
  4.868127     -9.891796    
  4.868152     -9.888992    
  4.868181     -9.886014    
  4.868214     -9.883362    
  4.868239     -9.805977    
  4.915090     -10.12728    
  4.915176     -10.08729    
  4.959449     -10.19733    
  4.959536     -10.24416    
  4.959642     -9.815648    
  4.959667     -9.678278    
  4.959729     -9.499496    
  4.959754     -10.14747    
  5.002021     -10.15687    
  5.002108     -10.33742    
  5.041986     -10.45058    
  5.042072     -10.46443    
  5.042428     -10.46494    
  5.042455     -10.46489    
  5.042514     -10.46492    
  5.042542     -10.40449    
  5.081038     -10.56457    
  5.081125     -10.45923    
  5.117568     -10.70672    
  5.117655     -10.72727    
  5.118005     -10.57911    
  5.118030     -10.30785    
  5.118092     -9.931674    
  5.118117     -10.41119    
  5.153462     -10.95842    
  5.153549     -10.77945    
  5.187203     -10.89131    
  5.187291     -10.87098    
  5.187529     -10.87218    
  5.187558     -10.87239    
  5.187616     -10.87279    
  5.187645     -10.84932    
  5.251180     -10.97259    
  5.251266     -11.07981    
  5.251931     -11.08209    
  5.252018     -11.04482    
  5.311750     -11.19623    
  5.311837     -11.26096    
  5.311944     -11.20640    
  5.614629     -12.12320    
  5.791270     -12.66494    
  6.013559     -13.31657    
  6.269124     -14.05837    
  6.545503     -14.85902    
  6.833662     -15.70604    
  7.128110     -16.62900    
  7.425811     -17.70148    
  7.725168     -19.12278    
  8.025358     -21.70683    
  8.325968     -22.74465    
  8.626788     -24.44301    
  8.927712     -100.0000    
