20060612
1
1
age
3
852
lambda
1.0
F_lambda
1.0
1.0 2.0 3.0
5.000000e+00 5.306190e+00 5.612380e+00 5.918569e+00 6.224760e+00
6.837139e+00 7.449518e+00 8.061898e+00 8.674279e+00 9.286657e+00
9.899038e+00 1.051141e+01 1.112380e+01 1.173619e+01 1.234855e+01
1.357332e+01 1.479807e+01 1.602282e+01 1.724761e+01 1.847234e+01
1.969713e+01 2.092189e+01 2.214665e+01 2.337141e+01 2.459614e+01
2.460107e+01 2.609781e+01 2.610303e+01 2.773256e+01 2.773812e+01
2.923695e+01 2.924280e+01 3.222998e+01 3.521721e+01 3.522427e+01
3.767923e+01 3.768678e+01 4.024825e+01 4.025631e+01 4.346984e+01
4.668335e+01 4.989684e+01 5.311033e+01 5.312097e+01 5.390810e+01
5.391890e+01 5.781347e+01 6.170793e+01 6.172030e+01 6.571659e+01
6.971288e+01 6.972684e+01 7.589427e+01 8.206160e+01 8.207804e+01
8.347684e+01 8.349356e+01 8.450803e+01 8.452477e+01 9.186625e+01
9.920761e+01 9.922749e+01 9.957630e+01 9.959625e+01 1.000025e+02
1.000226e+02 1.018378e+02 1.018582e+02 1.085083e+02 1.151582e+02
1.151813e+02 1.201467e+02 1.251120e+02 1.251371e+02 1.266438e+02
1.266692e+02 1.268817e+02 1.269071e+02 1.276706e+02 1.276962e+02
1.293091e+02 1.293350e+02 1.332843e+02 1.372335e+02 1.372606e+02
1.376220e+02 1.376496e+02 1.410493e+02 1.410773e+02 1.434984e+02
1.435271e+02 1.470249e+02 1.505230e+02 1.505532e+02 1.552791e+02
1.553102e+02 1.599311e+02 1.599632e+02 1.600184e+02 1.600505e+02
1.625923e+02 1.651338e+02 1.651669e+02 1.651768e+02 1.652095e+02
1.673147e+02 1.694193e+02 1.715244e+02 1.736293e+02 1.736641e+02
1.757636e+02 1.778632e+02 1.778988e+02 1.793474e+02 1.793837e+02
1.807715e+02 1.821600e+02 1.835481e+02 1.849362e+02 1.849733e+02
1.863906e+02 1.864279e+02 1.875742e+02 1.887200e+02 1.887578e+02
1.896239e+02 1.904904e+02 1.913564e+02 1.922224e+02 1.922609e+02
1.934408e+02 1.934795e+02 1.935468e+02 1.935856e+02 1.946794e+02
1.957735e+02 1.968679e+02 1.979621e+02 1.990559e+02 2.001502e+02
2.012445e+02 2.017916e+02 2.023383e+02 2.023788e+02 2.033626e+02
2.038544e+02 2.043459e+02 2.048378e+02 2.053298e+02 2.058216e+02
2.063137e+02 2.063545e+02 2.070280e+02 2.077007e+02 2.083737e+02
2.090465e+02 2.097196e+02 2.103929e+02 2.110659e+02 2.117386e+02
2.117810e+02 2.122330e+02 2.126846e+02 2.127272e+02 2.132338e+02
2.137401e+02 2.142466e+02 2.147529e+02 2.147959e+02 2.153744e+02
2.159529e+02 2.165310e+02 2.171096e+02 2.176883e+02 2.182665e+02
2.185556e+02 2.188452e+02 2.191341e+02 2.194234e+02 2.194674e+02
2.195189e+02 2.198123e+02 2.201056e+02 2.203987e+02 2.206917e+02
2.207359e+02 2.212330e+02 2.217303e+02 2.217747e+02 2.220348e+02
2.222946e+02 2.225548e+02 2.228148e+02 2.230745e+02 2.233346e+02
2.235950e+02 2.238546e+02 2.241145e+02 2.243748e+02 2.246348e+02
2.248946e+02 2.251547e+02 2.254146e+02 2.256748e+02 2.259347e+02
2.259800e+02 2.262096e+02 2.264389e+02 2.266679e+02 2.268977e+02
2.271266e+02 2.273563e+02 2.275857e+02 2.278148e+02 2.278605e+02
2.333474e+02 2.388345e+02 2.388823e+02 2.406628e+02 2.407110e+02
2.424756e+02 2.425242e+02 2.438518e+02 2.439007e+02 2.492379e+02
2.545751e+02 2.546261e+02 2.567633e+02 2.568148e+02 2.570200e+02
2.570715e+02 2.579283e+02 2.579800e+02 2.588797e+02 2.589316e+02
2.613521e+02 2.614045e+02 2.614845e+02 2.615369e+02 2.690971e+02
2.691510e+02 2.713407e+02 2.713951e+02 2.721197e+02 2.721742e+02
2.772586e+02 2.773141e+02 2.814317e+02 2.814887e+02 2.864857e+02
2.865431e+02 2.898959e+02 2.899539e+02 2.930718e+02 2.931305e+02
2.963657e+02 2.964251e+02 2.989882e+02 2.990481e+02 2.995312e+02
2.995912e+02 2.999004e+02 2.999605e+02 3.047663e+02 3.048274e+02
3.048793e+02 3.049404e+02 3.066359e+02 3.083323e+02 3.100281e+02
3.117238e+02 3.117863e+02 3.134043e+02 3.134671e+02 3.162809e+02
3.190950e+02 3.191589e+02 3.192045e+02 3.192684e+02 3.207680e+02
3.208322e+02 3.225507e+02 3.242694e+02 3.259883e+02 3.277072e+02
3.277729e+02 3.278831e+02 3.279480e+02 3.279986e+02 3.280643e+02
3.288062e+02 3.288721e+02 3.295649e+02 3.296310e+02 3.324689e+02
3.353065e+02 3.381442e+02 3.409816e+02 3.410500e+02 3.438413e+02
3.466331e+02 3.494242e+02 3.522151e+02 3.522857e+02 3.554799e+02
3.586749e+02 3.587468e+02 3.608195e+02 3.628925e+02 3.649665e+02
3.670397e+02 3.671132e+02 3.698869e+02 3.726619e+02 3.727366e+02
3.728121e+02 3.728859e+02 3.748228e+02 3.767584e+02 3.786954e+02
3.806317e+02 3.825683e+02 3.845041e+02 3.864408e+02 3.883766e+02
3.922491e+02 3.961220e+02 3.999945e+02 4.038676e+02 4.039485e+02
4.047986e+02 4.048797e+02 4.077744e+02 4.106700e+02 4.135652e+02
4.164607e+02 4.165422e+02 4.166256e+02 4.187569e+02 4.188408e+02
4.214694e+02 4.215538e+02 4.236664e+02 4.237503e+02 4.263556e+02
4.289612e+02 4.290471e+02 4.301154e+02 4.302016e+02 4.332764e+02
4.363510e+02 4.394252e+02 4.424997e+02 4.425884e+02 4.451568e+02
4.452460e+02 4.479711e+02 4.506963e+02 4.507866e+02 4.527391e+02
4.528298e+02 4.537911e+02 4.538820e+02 4.568662e+02 4.569577e+02
4.588925e+02 4.589845e+02 4.594243e+02 4.595164e+02 4.600849e+02
4.601771e+02 4.622661e+02 4.643559e+02 4.664456e+02 4.685350e+02
4.686288e+02 4.698606e+02 4.710923e+02 4.723240e+02 4.735556e+02
4.736505e+02 4.749042e+02 4.761590e+02 4.762533e+02 4.778394e+02
4.794254e+02 4.810110e+02 4.825974e+02 4.826941e+02 4.839840e+02
4.852751e+02 4.853723e+02 4.858699e+02 4.859672e+02 4.870842e+02
4.882014e+02 4.882981e+02 4.890069e+02 4.897145e+02 4.904232e+02
4.911317e+02 4.918390e+02 4.925474e+02 4.932556e+02 4.939637e+02
4.946728e+02 4.953806e+02 4.960883e+02 4.967970e+02 4.975045e+02
4.982129e+02 4.989212e+02 4.996294e+02 4.997088e+02 4.998078e+02
5.001981e+02 5.002983e+02 5.012761e+02 5.017646e+02 5.022535e+02
5.027418e+02 5.032306e+02 5.037198e+02 5.042083e+02 5.043093e+02
5.085375e+02 5.086394e+02 5.109189e+02 5.110201e+02 5.120012e+02
5.121038e+02 5.155016e+02 5.156049e+02 5.264523e+02 5.265577e+02
5.350175e+02 5.351247e+02 5.444926e+02 5.446017e+02 5.458320e+02
5.459401e+02 5.501613e+02 5.502715e+02 5.542466e+02 5.543576e+02
5.673486e+02 5.674623e+02 5.710525e+02 5.711669e+02 5.734215e+02
5.735364e+02 5.741522e+02 5.742659e+02 5.826396e+02 5.827563e+02
5.831161e+02 5.832329e+02 5.994487e+02 6.156629e+02 6.157863e+02
6.195110e+02 6.196351e+02 6.251108e+02 6.252346e+02 6.503573e+02
6.754808e+02 6.756161e+02 6.851789e+02 6.853146e+02 6.941111e+02
6.942502e+02 7.014424e+02 7.015829e+02 7.019723e+02 7.021130e+02
7.100240e+02 7.101646e+02 7.105669e+02 7.107093e+02 7.126988e+02
7.128415e+02 7.140506e+02 7.141953e+02 7.189869e+02 7.191310e+02
7.272689e+02 7.274146e+02 7.297767e+02 7.299229e+02 7.361308e+02
7.362783e+02 7.459402e+02 7.460896e+02 7.535585e+02 7.537095e+02
7.596333e+02 7.597837e+02 7.626284e+02 7.627812e+02 7.632556e+02
7.634085e+02 7.702895e+02 7.703428e+02 7.704439e+02 7.704971e+02
7.828959e+02 7.830527e+02 7.835577e+02 7.837129e+02 7.854074e+02
7.855648e+02 7.884370e+02 7.885950e+02 7.902909e+02 7.904474e+02
7.928828e+02 7.930417e+02 8.092785e+02 8.094406e+02 8.099850e+02
8.101473e+02 8.251388e+02 8.253041e+02 8.256291e+02 8.257945e+02
8.263633e+02 8.265288e+02 8.351395e+02 8.353048e+02 8.414533e+02
8.416199e+02 8.432202e+02 8.433891e+02 8.463578e+02 8.465274e+02
8.471299e+02 8.472996e+02 8.485374e+02 8.487074e+02 8.494288e+02
8.495990e+02 8.502057e+02 8.503760e+02 8.516183e+02 8.517889e+02
8.524011e+02 8.525719e+02 8.530137e+02 8.531846e+02 8.602922e+02
8.604646e+02 8.645836e+02 8.647568e+02 8.659982e+02 8.661717e+02
8.788080e+02 8.789841e+02 8.815887e+02 8.817653e+02 8.836352e+02
8.838122e+02 8.844779e+02 8.846551e+02 8.938960e+02 8.940751e+02
8.989799e+02 8.991600e+02 9.016334e+02 9.018141e+02 9.031066e+02
9.032875e+02 9.039845e+02 9.041656e+02 9.071999e+02 9.073817e+02
9.103240e+02 9.104770e+02 9.106595e+02 9.110034e+02 9.111188e+02
9.111859e+02 9.112594e+02 9.113349e+02 9.114419e+02 9.134694e+02
9.136524e+02 9.143701e+02 9.145533e+02 9.232472e+02 9.234322e+02
9.456469e+02 9.458342e+02 9.466098e+02 9.467995e+02 9.603355e+02
9.605257e+02 9.613289e+02 9.615215e+02 1.023729e+03 1.085935e+03
1.148140e+03 1.210347e+03 1.210590e+03 1.225051e+03 1.225293e+03
1.228039e+03 1.228285e+03 1.290010e+03 1.290265e+03 1.302228e+03
1.302489e+03 1.309116e+03 1.309378e+03 1.336589e+03 1.336854e+03
1.338302e+03 1.338570e+03 1.339559e+03 1.339828e+03 1.341798e+03
1.342066e+03 1.357688e+03 1.357960e+03 1.366429e+03 1.366703e+03
1.393481e+03 1.393760e+03 1.396192e+03 1.396468e+03 1.402032e+03
1.402313e+03 1.405384e+03 1.405666e+03 1.408371e+03 1.408653e+03
1.414582e+03 1.414862e+03 1.422116e+03 1.422401e+03 1.422552e+03
1.422837e+03 1.423577e+03 1.423751e+03 1.423862e+03 1.424036e+03
1.460945e+03 1.461235e+03 1.539799e+03 1.540107e+03 1.542901e+03
1.543210e+03 1.556768e+03 1.557080e+03 1.566336e+03 1.566650e+03
1.573678e+03 1.573994e+03 1.601994e+03 1.602312e+03 1.612000e+03
1.612323e+03 1.697841e+03 1.783356e+03 1.783713e+03 1.903334e+03
2.022949e+03 2.023355e+03 2.027155e+03 2.027561e+03 2.040953e+03
2.041362e+03 2.044674e+03 2.045079e+03 2.050336e+03 2.050747e+03
2.153387e+03 2.153818e+03 2.244724e+03 2.245174e+03 2.330424e+03
2.330886e+03 2.453415e+03 2.453906e+03 2.483356e+03 2.483848e+03
2.515637e+03 2.516141e+03 2.516836e+03 2.517341e+03 2.599812e+03
2.600333e+03 2.640973e+03 2.641496e+03 2.668364e+03 2.668898e+03
2.785698e+03 2.786256e+03 2.934891e+03 2.935479e+03 2.950143e+03
2.950734e+03 3.120879e+03 3.121505e+03 3.420858e+03 3.421543e+03
3.574662e+03 3.575378e+03 3.594413e+03 3.595125e+03 3.621146e+03
3.621871e+03 3.639310e+03 3.640039e+03 3.642235e+03 3.642965e+03
3.645037e+03 3.645768e+03 3.678587e+03 3.679324e+03 4.252066e+03
4.252918e+03 4.407487e+03 4.408370e+03 4.609088e+03 4.610011e+03
4.875869e+03 4.876846e+03 4.884971e+03 4.885939e+03 4.914270e+03
4.915243e+03 5.245405e+03 5.246456e+03 5.691372e+03 5.692513e+03
5.695371e+03 5.696512e+03 6.215156e+03 6.216401e+03 6.630771e+03
6.632099e+03 7.433254e+03 7.434744e+03 7.841281e+03 7.842852e+03
8.185929e+03 8.187570e+03 8.188154e+03 8.189794e+03 8.201343e+03
8.202987e+03 8.258763e+03 8.260418e+03 1.116292e+04 1.116516e+04
1.431944e+04 1.432231e+04 1.451199e+04 1.451490e+04 1.458015e+04
1.458307e+04 1.845300e+04 1.845670e+04 2.255449e+04 2.255901e+04
2.270252e+04 2.270706e+04 2.278148e+04 2.278605e+04 2.756563e+04
2.757109e+04 3.257894e+04 3.258547e+04 3.270469e+04 3.271124e+04
3.280530e+04 3.281195e+04 3.850073e+04 3.850845e+04 4.451322e+04
4.452214e+04 4.462189e+04 4.463073e+04 4.465170e+04 4.466065e+04
5.125828e+04 5.126866e+04 5.831134e+04 5.832060e+04 5.832356e+04
5.833229e+04 5.833524e+04 6.583851e+04 6.585170e+04 7.380640e+04
7.381200e+04 7.381625e+04 7.382118e+04 7.382679e+04 7.383104e+04
8.224131e+04 8.225759e+04 9.108545e+04 9.110370e+04 9.112594e+04
9.113118e+04 9.114419e+04 9.114944e+04 1.004664e+05 1.004866e+05
1.101504e+05 1.101722e+05 1.102625e+05 1.102694e+05 1.102844e+05
1.102915e+05 1.205141e+05 1.205383e+05 1.310895e+05 1.311158e+05
1.312215e+05 1.312291e+05 1.312478e+05 1.312553e+05 1.423843e+05
1.424128e+05 1.538874e+05 1.539186e+05 1.540029e+05 1.540132e+05
1.540338e+05 1.540441e+05 1.783118e+05 1.783471e+05 1.786204e+05
1.786562e+05 2.049982e+05 2.050392e+05 2.050898e+05 4.117456e+05
6.184007e+05 1.031713e+06 1.858335e+06 3.511584e+06 6.818079e+06
1.343105e+07 2.665698e+07 5.310898e+07 1.060127e+08 2.118205e+08
4.234362e+08 8.466658e+08
1.000000e-30 1.000000e-30 1.000000e-30 1.000000e-30 1.000000e-30
1.000000e-30 1.000000e-30 1.000000e-30 1.000000e-30 1.000000e-30
1.000000e-30 1.000000e-30 1.000000e-30 1.000000e-30 1.000000e-30
1.000000e-30 1.000000e-30 1.000000e-30 1.000000e-30 1.000000e-30
1.000000e-30 1.000000e-30 1.000000e-30 1.000000e-30 1.000000e-30
1.000000e-30 1.000000e-30 1.000000e-30 1.000000e-30 1.000000e-30
1.000000e-30 1.000000e-30 1.000000e-30 1.000000e-30 1.000000e-30
1.000000e-30 1.000000e-30 1.000000e-30 1.000000e-30 1.000000e-30
1.000000e-30 1.000000e-30 1.000000e-30 1.000000e-30 1.000000e-30
1.000000e-30 3.153334e-21 1.000000e-30 1.000000e-30 6.342639e-19
1.028442e-23 1.576994e-19 1.000000e-30 1.000000e-30 1.583544e-21
1.000000e-30 1.000000e-30 2.895010e-21 4.505573e-21 1.935397e-19
1.000000e-30 1.000000e-30 1.000000e-30 4.506818e-21 1.000000e-30
1.000000e-30 2.473375e-19 3.037456e-21 1.000000e-30 1.000000e-30
1.000000e-30 1.000000e-30 2.646854e-21 1.000000e-30 2.685035e-20
1.000000e-30 1.000000e-30 1.000000e-30 1.000000e-30 1.000000e-30
1.000000e-30 1.000000e-30 1.000000e-30 6.382341e-22 1.000000e-30
6.953124e-22 3.803120e-20 1.000000e-30 2.605674e-21 1.019812e-20
2.950937e-20 1.000000e-30 4.481568e-18 9.790390e-20 1.763843e-18
1.808589e-18 6.705791e-18 5.319490e-18 7.813759e-18 9.444957e-18
5.880307e-18 1.000000e-30 1.000000e-30 1.000000e-30 8.094313e-18
1.318166e-17 8.289532e-18 1.000000e-30 1.000000e-30 1.769701e-17
5.044522e-17 7.103952e-17 5.290175e-18 2.576677e-17 2.643991e-17
2.421642e-17 2.876471e-16 4.150400e-17 7.824922e-17 1.904934e-16
8.417439e-18 8.695208e-17 7.477734e-17 3.095280e-15 1.403072e-15
5.782159e-17 9.919733e-17 5.831228e-17 9.900565e-17 1.000000e-30
1.139567e-16 2.528425e-16 2.599202e-16 1.000000e-30 3.662689e-15
1.000000e-30 1.000000e-30 1.094032e-15 2.177459e-16 2.492183e-15
1.127353e-15 1.272038e-15 4.919263e-15 2.280972e-15 3.675953e-16
5.383318e-15 1.314740e-16 5.660047e-15 2.696870e-15 1.085400e-15
9.515026e-16 6.600244e-16 4.260887e-16 1.735042e-15 5.557123e-16
5.844401e-16 4.942765e-17 1.000000e-30 1.000000e-30 1.000000e-30
1.000000e-30 1.000000e-30 1.000000e-30 2.947610e-16 2.799432e-16
1.000000e-30 1.000000e-30 1.000000e-30 1.000000e-30 1.000000e-30
3.951209e-16 1.000000e-30 1.000000e-30 1.000000e-30 1.000000e-30
1.000000e-30 1.000000e-30 1.000000e-30 1.000000e-30 1.000000e-30
1.000000e-30 1.000000e-30 1.000000e-30 2.774087e-16 1.000000e-30
1.000000e-30 7.232193e-16 1.000000e-30 1.000000e-30 1.000000e-30
1.000000e-30 1.000000e-30 1.000000e-30 6.956167e-15 1.000000e-30
1.000000e-30 1.000000e-30 1.000000e-30 1.000000e-30 1.000000e-30
1.000000e-30 1.000000e-30 1.000000e-30 1.000000e-30 1.000000e-30
1.000000e-30 1.000000e-30 1.000000e-30 1.000000e-30 1.000000e-30
1.000000e-30 1.000000e-30 1.000000e-30 1.000000e-30 1.000000e-30
6.854298e-09 2.357990e-08 2.095989e-08 6.287254e-08 8.705125e-08
5.383528e-08 3.072586e-08 4.110077e-08 2.999943e-08 5.707317e-08
3.138420e-07 3.945127e-07 4.375533e-10 6.590995e-08 2.043615e-07
1.209041e-06 2.052565e-06 9.259744e-07 1.309845e-06 7.180241e-07
2.964142e-07 1.416325e-06 2.370691e-06 1.051804e-06 1.732024e-06
7.846193e-07 1.468345e-06 3.730431e-06 1.180016e-05 1.005755e-05
3.153233e-06 1.000000e-30 7.417542e-06 1.003499e-05 1.252711e-06
6.737054e-06 5.088245e-06 1.309128e-06 2.854243e-07 3.729881e-07
1.932698e-06 1.000000e-30 3.830081e-05 8.886628e-05 1.000000e-30
2.427258e-06 1.000000e-30 3.487442e-06 5.295634e-06 1.849115e-05
1.956902e-05 1.406290e-05 2.774227e-05 6.233831e-06 1.012234e-05
1.097137e-05 4.562039e-06 5.916120e-06 1.221561e-05 1.000000e-30
7.537078e-06 5.656867e-06 5.170755e-06 1.000000e-30 1.047406e-04
2.065076e-05 8.383705e-07 2.055611e-04 2.423517e-05 1.089429e-04
1.274327e-04 1.307941e-04 1.408549e-04 1.499253e-04 1.786126e-04
7.260140e-05 1.211937e-04 1.066562e-04 1.214636e-04 9.602316e-06
1.541388e-05 4.298699e-06 8.052987e-05 3.903615e-05 1.000000e-30
1.943251e-05 7.015199e-06 2.232133e-05 1.320484e-05 1.502543e-05
2.878611e-05 3.997910e-05 2.126258e-05 7.219182e-07 1.000000e-30
3.153283e-05 1.000000e-30 1.136266e-04 1.862988e-05 4.147687e-05
2.752206e-05 4.209146e-05 1.000000e-30 1.414507e-05 7.623598e-06
1.000000e-30 1.062427e-05 2.725041e-07 1.000000e-30 5.676845e-06
5.580409e-06 1.456914e-05 1.343838e-05 5.299416e-05 1.983892e-04
1.000000e-30 1.627815e-05 5.171637e-05 1.871014e-05 2.164931e-04
1.000000e-30 2.546725e-05 1.641138e-05 1.033237e-05 5.494979e-05
3.471786e-05 1.866453e-05 7.925944e-05 9.501277e-05 2.739586e-05
6.917386e-05 9.464267e-05 1.328868e-04 1.992939e-04 8.613507e-05
1.514053e-04 3.064905e-04 3.366642e-04 3.588881e-04 2.188991e-04
6.616373e-05 2.634208e-04 2.881250e-04 2.715570e-04 1.000000e-30
1.245260e-04 2.561433e-04 2.514705e-04 2.003720e-04 1.589948e-04
2.725957e-04 2.831620e-04 2.225184e-04 1.222861e-04 2.941237e-04
2.941332e-04 2.412959e-04 2.080281e-04 3.800354e-04 2.373460e-04
2.306455e-04 2.231300e-04 2.637254e-04 2.663937e-04 2.312645e-04
2.067664e-04 1.972586e-04 1.540430e-04 1.749492e-04 1.313482e-04
1.131913e-04 1.075977e-04 1.039805e-04 9.771427e-05 1.323092e-04
1.283305e-04 8.548029e-05 1.303665e-04 8.741722e-05 1.976555e-04
1.685062e-04 1.726323e-04 2.537137e-04 1.909238e-04 2.820870e-04
2.627350e-04 2.386239e-04 1.947045e-04 1.889783e-04 1.830661e-04
1.458237e-04 1.646429e-04 1.226126e-04 1.248576e-04 1.332174e-04
1.291297e-04 1.198012e-04 1.262043e-04 1.213923e-04 1.114436e-04
1.142244e-04 1.138676e-04 1.027595e-04 1.052686e-04 7.875751e-05
9.496028e-05 1.141587e-04 1.186673e-04 1.082523e-04 8.813938e-05
1.188951e-04 1.313212e-04 9.420327e-05 1.005042e-04 1.039362e-04
7.681676e-05 1.094060e-04 1.070708e-04 5.690717e-05 6.784987e-05
1.298709e-04 6.121347e-05 8.727764e-05 9.466730e-05 8.730739e-05
6.748807e-05 7.246362e-05 5.244668e-05 7.272622e-05 8.534695e-05
6.715448e-05 6.365302e-05 6.220997e-05 7.220113e-05 7.085965e-05
7.255394e-05 7.425249e-05 6.200576e-05 6.744038e-05 7.123837e-05
5.759941e-05 7.036132e-05 6.685563e-05 6.993942e-05 6.954517e-05
6.673797e-05 6.626039e-05 6.236831e-05 6.118247e-05 5.571639e-05
5.127162e-05 5.076086e-05 4.549776e-05 1.831327e-05 7.858886e-05
5.839074e-05 5.143764e-05 4.971243e-05 4.875004e-05 4.723283e-05
4.368054e-05 4.434483e-05 4.280801e-05 3.821352e-05 4.127917e-05
4.481217e-05 4.194073e-05 2.895030e-05 5.953591e-05 4.861810e-05
4.460402e-05 4.633562e-05 4.118879e-05 4.086693e-05 4.415664e-05
4.628476e-05 3.598645e-05 3.384808e-05 4.175390e-05 4.730325e-05
4.101805e-05 4.260543e-05 3.163683e-05 3.573181e-05 3.715335e-05
1.000000e-30 7.561083e-05 6.419527e-05 6.455517e-05 3.780585e-05
6.310096e-05 6.537309e-05 6.312930e-05 6.283390e-05 5.555281e-05
5.347613e-05 4.225830e-05 4.408075e-05 4.211211e-05 4.094247e-05
3.083550e-05 3.856328e-05 3.321299e-05 3.436600e-05 3.410696e-05
3.655039e-05 2.589220e-05 2.928539e-05 2.814401e-05 2.756862e-05
2.926928e-05 3.259965e-05 3.206461e-05 3.314324e-05 3.346517e-05
3.320871e-05 3.248561e-05 3.373246e-05 3.248232e-05 3.231878e-05
3.224445e-05 3.050823e-05 2.490371e-05 2.782851e-05 3.169020e-05
3.145749e-05 2.911508e-05 2.925425e-05 2.824288e-05 2.900568e-05
3.203893e-05 3.304159e-05 3.488406e-05 3.235035e-05 3.403282e-05
3.052003e-05 2.954595e-05 3.173935e-05 3.385151e-05 3.152434e-05
3.503265e-05 3.538678e-05 2.987996e-05 3.239485e-05 3.123921e-05
3.091178e-05 3.114906e-05 3.067602e-05 3.332806e-05 3.107699e-05
3.036757e-05 3.156407e-05 2.950706e-05 2.958591e-05 3.036428e-05
3.066811e-05 3.048541e-05 2.938739e-05 2.990804e-05 2.970380e-05
3.316569e-05 3.271711e-05 3.278770e-05 3.281776e-05 3.277653e-05
3.275216e-05 3.272224e-05 3.267676e-05 3.462087e-05 3.996106e-05
3.820085e-05 3.826000e-05 4.276476e-05 1.301559e-05 3.358080e-05
3.258907e-05 3.237837e-05 3.430876e-05 3.314095e-05 1.444255e-05
2.973877e-05 3.716858e-05 3.181537e-05 3.117375e-05 2.514572e-05
1.828067e-05 2.021227e-05 9.044905e-06 4.603329e-05 3.216822e-05
3.475674e-05 2.359995e-05 1.754050e-05 2.220936e-05 1.557919e-05
1.155234e-05 1.975040e-05 1.818855e-05 2.331111e-05 2.615020e-05
2.107235e-05 1.967991e-05 1.844718e-05 1.816193e-05 2.612667e-05
2.373062e-05 1.714652e-05 1.812892e-05 3.358428e-06 1.668142e-05
1.623353e-05 1.715683e-05 2.067626e-05 2.833192e-05 7.766315e-06
1.304569e-06 2.455025e-05 1.802657e-05 1.049228e-06 1.000000e-30
3.267864e-05 2.058875e-05 1.542439e-05 2.239505e-05 2.317272e-05
2.388532e-05 2.674552e-05 2.766942e-05 2.810121e-05 2.358718e-05
1.185692e-05 2.403782e-05 1.499405e-05 1.605625e-05 1.261842e-05
5.999403e-06 5.901426e-06 2.139449e-05 2.803542e-05 2.282228e-05
1.718189e-05 1.455442e-05 1.316840e-05 1.433993e-05 1.440038e-05
2.814440e-05 1.289520e-05 7.096938e-06 5.747236e-06 4.769172e-06
3.403478e-06 3.285723e-06 3.335631e-06 3.400463e-06 3.357484e-06
3.332829e-06 3.285950e-06 3.258337e-06 3.294898e-06 3.395166e-06
3.398991e-06 3.005543e-06 2.701059e-06 2.474822e-06 2.549887e-06
2.172411e-06 2.135659e-06 1.543981e-06 1.498208e-06 1.490963e-06
1.488730e-06 2.404152e-06 2.656220e-06 3.383179e-06 7.932809e-07
1.317477e-06 1.255940e-06 1.253193e-06 1.235629e-06 9.732267e-07
2.701183e-06 1.118055e-06 1.040435e-06 8.995576e-07 1.003053e-06
1.152596e-06 9.046425e-07 1.456770e-06 7.615808e-07 7.813687e-07
8.774412e-07 6.124646e-07 6.019924e-07 6.052586e-07 5.848992e-07
5.825725e-07 5.877586e-07 5.900829e-07 5.874298e-07 5.864905e-07
5.843970e-07 5.897677e-07 5.287021e-07 5.040806e-07 5.302174e-07
3.242642e-07 4.285811e-07 2.769549e-07 4.592244e-07 9.726666e-07
4.208284e-07 5.100632e-07 5.270381e-07 5.280037e-07 3.858247e-07
2.876835e-07 1.838506e-07 2.498021e-07 1.890763e-07 1.612839e-07
1.615805e-07 1.742188e-07 1.318515e-07 7.350587e-08 2.260992e-07
1.368649e-07 9.017663e-08 8.163681e-08 7.559621e-08 6.487898e-08
5.754042e-08 5.825672e-08 5.828328e-08 5.849396e-08 5.790912e-08
4.843564e-08 7.978385e-08 5.735140e-08 3.890756e-08 3.010655e-08
1.257949e-08 1.449726e-08 1.180606e-08 1.171513e-08 1.130022e-08
1.355445e-08 5.887176e-09 1.106135e-08 2.566552e-09 3.202595e-09
3.804539e-09 3.718545e-09 3.512562e-09 3.375857e-09 2.110970e-09
2.222568e-09 1.879390e-09 1.175937e-09 1.161264e-09 1.159012e-09
1.157633e-09 1.200676e-09 8.043721e-10 8.475025e-10 6.068202e-10
5.167697e-10 4.952437e-10 4.950511e-10 4.912256e-10 5.968855e-10
4.090675e-10 3.437194e-10 2.815127e-10 2.290894e-10 2.300419e-10
2.315192e-10 2.470643e-10 1.588938e-10 1.872548e-10 1.526676e-10
1.282933e-10 1.291243e-10 1.300128e-10 1.308091e-10 1.563230e-10
7.459677e-11 8.179184e-11 6.348484e-11 5.699543e-11 1.528805e-10
2.097597e-10 3.165950e-10 7.120820e-11 6.968351e-11 4.598117e-11
3.543399e-11 3.432180e-11 3.428151e-11 3.428546e-11 3.428309e-11
3.940125e-11 2.725398e-11 3.473522e-11 1.964627e-11 1.873829e-11
2.635664e-11 4.922095e-11 1.170378e-10 3.879806e-11 1.100475e-11
1.661690e-11 1.284370e-11 1.345922e-11 1.342209e-11 1.341560e-11
1.340325e-11 1.414751e-11 1.065148e-11 8.321277e-12 8.277706e-12
9.019449e-12 6.364584e-12 5.483275e-12 6.217274e-12 7.530087e-13
2.163017e-13 4.824252e-14 8.742386e-15 1.383503e-15 1.967705e-16
2.349633e-17 1.988474e-18 7.537373e-20 1.964129e-22 1.800321e-23
3.605703e-25 1.000000e-30
1.000000e-30 1.000000e-30 1.000000e-30 1.000000e-30 1.000000e-30
1.000000e-30 1.000000e-30 1.000000e-30 1.000000e-30 1.000000e-30
1.000000e-30 1.000000e-30 1.000000e-30 1.000000e-30 1.000000e-30
1.000000e-30 1.000000e-30 1.000000e-30 1.000000e-30 1.000000e-30
1.000000e-30 1.000000e-30 1.000000e-30 1.000000e-30 1.000000e-30
1.000000e-30 1.000000e-30 1.000000e-30 1.000000e-30 1.000000e-30
1.000000e-30 1.000000e-30 1.000000e-30 1.000000e-30 1.000000e-30
1.000000e-30 1.000000e-30 1.000000e-30 1.000000e-30 1.000000e-30
1.000000e-30 1.000000e-30 1.000000e-30 1.000000e-30 1.000000e-30
1.000000e-30 3.153334e-21 1.000000e-30 1.000000e-30 6.342639e-19
1.028442e-23 1.576994e-19 1.000000e-30 1.000000e-30 1.583544e-21
1.000000e-30 1.000000e-30 2.895010e-21 4.505573e-21 1.935397e-19
1.000000e-30 1.000000e-30 1.000000e-30 4.506818e-21 1.000000e-30
1.000000e-30 2.473375e-19 3.037456e-21 1.000000e-30 1.000000e-30
1.000000e-30 1.000000e-30 2.646854e-21 1.000000e-30 2.685035e-20
1.000000e-30 1.000000e-30 1.000000e-30 1.000000e-30 1.000000e-30
1.000000e-30 1.000000e-30 1.000000e-30 6.382341e-22 1.000000e-30
6.953124e-22 3.803120e-20 1.000000e-30 2.605674e-21 1.019812e-20
2.950937e-20 1.000000e-30 4.481568e-18 9.790390e-20 1.763843e-18
1.808589e-18 6.705791e-18 5.319490e-18 7.813759e-18 9.444957e-18
5.880307e-18 1.000000e-30 1.000000e-30 1.000000e-30 8.094313e-18
1.318166e-17 8.289532e-18 1.000000e-30 1.000000e-30 1.769701e-17
5.044522e-17 7.103952e-17 5.290175e-18 2.576677e-17 2.643991e-17
2.421642e-17 2.876471e-16 4.150400e-17 7.824922e-17 1.904934e-16
8.417439e-18 8.695208e-17 7.477734e-17 3.095280e-15 1.403072e-15
5.782159e-17 9.919733e-17 5.831228e-17 9.900565e-17 1.000000e-30
1.139567e-16 2.528425e-16 2.599202e-16 1.000000e-30 3.662689e-15
1.000000e-30 1.000000e-30 1.094032e-15 2.177459e-16 2.492183e-15
1.127353e-15 1.272038e-15 4.919263e-15 2.280972e-15 3.675953e-16
5.383318e-15 1.314740e-16 5.660047e-15 2.696870e-15 1.085400e-15
9.515026e-16 6.600244e-16 4.260887e-16 1.735042e-15 5.557123e-16
5.844401e-16 4.942765e-17 1.000000e-30 1.000000e-30 1.000000e-30
1.000000e-30 1.000000e-30 1.000000e-30 2.947610e-16 2.799432e-16
1.000000e-30 1.000000e-30 1.000000e-30 1.000000e-30 1.000000e-30
3.951209e-16 1.000000e-30 1.000000e-30 1.000000e-30 1.000000e-30
1.000000e-30 1.000000e-30 1.000000e-30 1.000000e-30 1.000000e-30
1.000000e-30 1.000000e-30 1.000000e-30 2.774087e-16 1.000000e-30
1.000000e-30 7.232193e-16 1.000000e-30 1.000000e-30 1.000000e-30
1.000000e-30 1.000000e-30 1.000000e-30 6.956167e-15 1.000000e-30
1.000000e-30 1.000000e-30 1.000000e-30 1.000000e-30 1.000000e-30
1.000000e-30 1.000000e-30 1.000000e-30 1.000000e-30 1.000000e-30
1.000000e-30 1.000000e-30 1.000000e-30 1.000000e-30 1.000000e-30
1.000000e-30 1.000000e-30 1.000000e-30 1.000000e-30 1.000000e-30
6.854298e-09 2.357990e-08 2.095989e-08 6.287254e-08 8.705125e-08
5.383528e-08 3.072586e-08 4.110077e-08 2.999943e-08 5.707317e-08
3.138420e-07 3.945127e-07 4.375533e-10 6.590995e-08 2.043615e-07
1.209041e-06 2.052565e-06 9.259744e-07 1.309845e-06 7.180241e-07
2.964142e-07 1.416325e-06 2.370691e-06 1.051804e-06 1.732024e-06
7.846193e-07 1.468345e-06 3.730431e-06 1.180016e-05 1.005755e-05
3.153233e-06 1.000000e-30 7.417542e-06 1.003499e-05 1.252711e-06
6.737054e-06 5.088245e-06 1.309128e-06 2.854243e-07 3.729881e-07
1.932698e-06 1.000000e-30 3.830081e-05 8.886628e-05 1.000000e-30
2.427258e-06 1.000000e-30 3.487442e-06 5.295634e-06 1.849115e-05
1.956902e-05 1.406290e-05 2.774227e-05 6.233831e-06 1.012234e-05
1.097137e-05 4.562039e-06 5.916120e-06 1.221561e-05 1.000000e-30
7.537078e-06 5.656867e-06 5.170755e-06 1.000000e-30 1.047406e-04
2.065076e-05 8.383705e-07 2.055611e-04 2.423517e-05 1.089429e-04
1.274327e-04 1.307941e-04 1.408549e-04 1.499253e-04 1.786126e-04
7.260140e-05 1.211937e-04 1.066562e-04 1.214636e-04 9.602316e-06
1.541388e-05 4.298699e-06 8.052987e-05 3.903615e-05 1.000000e-30
1.943251e-05 7.015199e-06 2.232133e-05 1.320484e-05 1.502543e-05
2.878611e-05 3.997910e-05 2.126258e-05 7.219182e-07 1.000000e-30
3.153283e-05 1.000000e-30 1.136266e-04 1.862988e-05 4.147687e-05
2.752206e-05 4.209146e-05 1.000000e-30 1.414507e-05 7.623598e-06
1.000000e-30 1.062427e-05 2.725041e-07 1.000000e-30 5.676845e-06
5.580409e-06 1.456914e-05 1.343838e-05 5.299416e-05 1.983892e-04
1.000000e-30 1.627815e-05 5.171637e-05 1.871014e-05 2.164931e-04
1.000000e-30 2.546725e-05 1.641138e-05 1.033237e-05 5.494979e-05
3.471786e-05 1.866453e-05 7.925944e-05 9.501277e-05 2.739586e-05
6.917386e-05 9.464267e-05 1.328868e-04 1.992939e-04 8.613507e-05
1.514053e-04 3.064905e-04 3.366642e-04 3.588881e-04 2.188991e-04
6.616373e-05 2.634208e-04 2.881250e-04 2.715570e-04 1.000000e-30
1.245260e-04 2.561433e-04 2.514705e-04 2.003720e-04 1.589948e-04
2.725957e-04 2.831620e-04 2.225184e-04 1.222861e-04 2.941237e-04
2.941332e-04 2.412959e-04 2.080281e-04 3.800354e-04 2.373460e-04
2.306455e-04 2.231300e-04 2.637254e-04 2.663937e-04 2.312645e-04
2.067664e-04 1.972586e-04 1.540430e-04 1.749492e-04 1.313482e-04
1.131913e-04 1.075977e-04 1.039805e-04 9.771427e-05 1.323092e-04
1.283305e-04 8.548029e-05 1.303665e-04 8.741722e-05 1.976555e-04
1.685062e-04 1.726323e-04 2.537137e-04 1.909238e-04 2.820870e-04
2.627350e-04 2.386239e-04 1.947045e-04 1.889783e-04 1.830661e-04
1.458237e-04 1.646429e-04 1.226126e-04 1.248576e-04 1.332174e-04
1.291297e-04 1.198012e-04 1.262043e-04 1.213923e-04 1.114436e-04
1.142244e-04 1.138676e-04 1.027595e-04 1.052686e-04 7.875751e-05
9.496028e-05 1.141587e-04 1.186673e-04 1.082523e-04 8.813938e-05
1.188951e-04 1.313212e-04 9.420327e-05 1.005042e-04 1.039362e-04
7.681676e-05 1.094060e-04 1.070708e-04 5.690717e-05 6.784987e-05
1.298709e-04 6.121347e-05 8.727764e-05 9.466730e-05 8.730739e-05
6.748807e-05 7.246362e-05 5.244668e-05 7.272622e-05 8.534695e-05
6.715448e-05 6.365302e-05 6.220997e-05 7.220113e-05 7.085965e-05
7.255394e-05 7.425249e-05 6.200576e-05 6.744038e-05 7.123837e-05
5.759941e-05 7.036132e-05 6.685563e-05 6.993942e-05 6.954517e-05
6.673797e-05 6.626039e-05 6.236831e-05 6.118247e-05 5.571639e-05
5.127162e-05 5.076086e-05 4.549776e-05 1.831327e-05 7.858886e-05
5.839074e-05 5.143764e-05 4.971243e-05 4.875004e-05 4.723283e-05
4.368054e-05 4.434483e-05 4.280801e-05 3.821352e-05 4.127917e-05
4.481217e-05 4.194073e-05 2.895030e-05 5.953591e-05 4.861810e-05
4.460402e-05 4.633562e-05 4.118879e-05 4.086693e-05 4.415664e-05
4.628476e-05 3.598645e-05 3.384808e-05 4.175390e-05 4.730325e-05
4.101805e-05 4.260543e-05 3.163683e-05 3.573181e-05 3.715335e-05
1.000000e-30 7.561083e-05 6.419527e-05 6.455517e-05 3.780585e-05
6.310096e-05 6.537309e-05 6.312930e-05 6.283390e-05 5.555281e-05
5.347613e-05 4.225830e-05 4.408075e-05 4.211211e-05 4.094247e-05
3.083550e-05 3.856328e-05 3.321299e-05 3.436600e-05 3.410696e-05
3.655039e-05 2.589220e-05 2.928539e-05 2.814401e-05 2.756862e-05
2.926928e-05 3.259965e-05 3.206461e-05 3.314324e-05 3.346517e-05
3.320871e-05 3.248561e-05 3.373246e-05 3.248232e-05 3.231878e-05
3.224445e-05 3.050823e-05 2.490371e-05 2.782851e-05 3.169020e-05
3.145749e-05 2.911508e-05 2.925425e-05 2.824288e-05 2.900568e-05
3.203893e-05 3.304159e-05 3.488406e-05 3.235035e-05 3.403282e-05
3.052003e-05 2.954595e-05 3.173935e-05 3.385151e-05 3.152434e-05
3.503265e-05 3.538678e-05 2.987996e-05 3.239485e-05 3.123921e-05
3.091178e-05 3.114906e-05 3.067602e-05 3.332806e-05 3.107699e-05
3.036757e-05 3.156407e-05 2.950706e-05 2.958591e-05 3.036428e-05
3.066811e-05 3.048541e-05 2.938739e-05 2.990804e-05 2.970380e-05
3.316569e-05 3.271711e-05 3.278770e-05 3.281776e-05 3.277653e-05
3.275216e-05 3.272224e-05 3.267676e-05 3.462087e-05 3.996106e-05
3.820085e-05 3.826000e-05 4.276476e-05 1.301559e-05 3.358080e-05
3.258907e-05 3.237837e-05 3.430876e-05 3.314095e-05 1.444255e-05
2.973877e-05 3.716858e-05 3.181537e-05 3.117375e-05 2.514572e-05
1.828067e-05 2.021227e-05 9.044905e-06 4.603329e-05 3.216822e-05
3.475674e-05 2.359995e-05 1.754050e-05 2.220936e-05 1.557919e-05
1.155234e-05 1.975040e-05 1.818855e-05 2.331111e-05 2.615020e-05
2.107235e-05 1.967991e-05 1.844718e-05 1.816193e-05 2.612667e-05
2.373062e-05 1.714652e-05 1.812892e-05 3.358428e-06 1.668142e-05
1.623353e-05 1.715683e-05 2.067626e-05 2.833192e-05 7.766315e-06
1.304569e-06 2.455025e-05 1.802657e-05 1.049228e-06 1.000000e-30
3.267864e-05 2.058875e-05 1.542439e-05 2.239505e-05 2.317272e-05
2.388532e-05 2.674552e-05 2.766942e-05 2.810121e-05 2.358718e-05
1.185692e-05 2.403782e-05 1.499405e-05 1.605625e-05 1.261842e-05
5.999403e-06 5.901426e-06 2.139449e-05 2.803542e-05 2.282228e-05
1.718189e-05 1.455442e-05 1.316840e-05 1.433993e-05 1.440038e-05
2.814440e-05 1.289520e-05 7.096938e-06 5.747236e-06 4.769172e-06
3.403478e-06 3.285723e-06 3.335631e-06 3.400463e-06 3.357484e-06
3.332829e-06 3.285950e-06 3.258337e-06 3.294898e-06 3.395166e-06
3.398991e-06 3.005543e-06 2.701059e-06 2.474822e-06 2.549887e-06
2.172411e-06 2.135659e-06 1.543981e-06 1.498208e-06 1.490963e-06
1.488730e-06 2.404152e-06 2.656220e-06 3.383179e-06 7.932809e-07
1.317477e-06 1.255940e-06 1.253193e-06 1.235629e-06 9.732267e-07
2.701183e-06 1.118055e-06 1.040435e-06 8.995576e-07 1.003053e-06
1.152596e-06 9.046425e-07 1.456770e-06 7.615808e-07 7.813687e-07
8.774412e-07 6.124646e-07 6.019924e-07 6.052586e-07 5.848992e-07
5.825725e-07 5.877586e-07 5.900829e-07 5.874298e-07 5.864905e-07
5.843970e-07 5.897677e-07 5.287021e-07 5.040806e-07 5.302174e-07
3.242642e-07 4.285811e-07 2.769549e-07 4.592244e-07 9.726666e-07
4.208284e-07 5.100632e-07 5.270381e-07 5.280037e-07 3.858247e-07
2.876835e-07 1.838506e-07 2.498021e-07 1.890763e-07 1.612839e-07
1.615805e-07 1.742188e-07 1.318515e-07 7.350587e-08 2.260992e-07
1.368649e-07 9.017663e-08 8.163681e-08 7.559621e-08 6.487898e-08
5.754042e-08 5.825672e-08 5.828328e-08 5.849396e-08 5.790912e-08
4.843564e-08 7.978385e-08 5.735140e-08 3.890756e-08 3.010655e-08
1.257949e-08 1.449726e-08 1.180606e-08 1.171513e-08 1.130022e-08
1.355445e-08 5.887176e-09 1.106135e-08 2.566552e-09 3.202595e-09
3.804539e-09 3.718545e-09 3.512562e-09 3.375857e-09 2.110970e-09
2.222568e-09 1.879390e-09 1.175937e-09 1.161264e-09 1.159012e-09
1.157633e-09 1.200676e-09 8.043721e-10 8.475025e-10 6.068202e-10
5.167697e-10 4.952437e-10 4.950511e-10 4.912256e-10 5.968855e-10
4.090675e-10 3.437194e-10 2.815127e-10 2.290894e-10 2.300419e-10
2.315192e-10 2.470643e-10 1.588938e-10 1.872548e-10 1.526676e-10
1.282933e-10 1.291243e-10 1.300128e-10 1.308091e-10 1.563230e-10
7.459677e-11 8.179184e-11 6.348484e-11 5.699543e-11 1.528805e-10
2.097597e-10 3.165950e-10 7.120820e-11 6.968351e-11 4.598117e-11
3.543399e-11 3.432180e-11 3.428151e-11 3.428546e-11 3.428309e-11
3.940125e-11 2.725398e-11 3.473522e-11 1.964627e-11 1.873829e-11
2.635664e-11 4.922095e-11 1.170378e-10 3.879806e-11 1.100475e-11
1.661690e-11 1.284370e-11 1.345922e-11 1.342209e-11 1.341560e-11
1.340325e-11 1.414751e-11 1.065148e-11 8.321277e-12 8.277706e-12
9.019449e-12 6.364584e-12 5.483275e-12 6.217274e-12 7.530087e-13
2.163017e-13 4.824252e-14 8.742386e-15 1.383503e-15 1.967705e-16
2.349633e-17 1.988474e-18 7.537373e-20 1.964129e-22 1.800321e-23
3.605703e-25 1.000000e-30
1.000000e-30 1.000000e-30 1.000000e-30 1.000000e-30 1.000000e-30
1.000000e-30 1.000000e-30 1.000000e-30 1.000000e-30 1.000000e-30
1.000000e-30 1.000000e-30 1.000000e-30 1.000000e-30 1.000000e-30
1.000000e-30 1.000000e-30 1.000000e-30 1.000000e-30 1.000000e-30
1.000000e-30 1.000000e-30 1.000000e-30 1.000000e-30 1.000000e-30
1.000000e-30 1.000000e-30 1.000000e-30 1.000000e-30 1.000000e-30
1.000000e-30 1.000000e-30 1.000000e-30 1.000000e-30 1.000000e-30
1.000000e-30 1.000000e-30 1.000000e-30 1.000000e-30 1.000000e-30
1.000000e-30 1.000000e-30 1.000000e-30 1.000000e-30 1.000000e-30
1.000000e-30 3.153334e-21 1.000000e-30 1.000000e-30 6.342639e-19
1.028442e-23 1.576994e-19 1.000000e-30 1.000000e-30 1.583544e-21
1.000000e-30 1.000000e-30 2.895010e-21 4.505573e-21 1.935397e-19
1.000000e-30 1.000000e-30 1.000000e-30 4.506818e-21 1.000000e-30
1.000000e-30 2.473375e-19 3.037456e-21 1.000000e-30 1.000000e-30
1.000000e-30 1.000000e-30 2.646854e-21 1.000000e-30 2.685035e-20
1.000000e-30 1.000000e-30 1.000000e-30 1.000000e-30 1.000000e-30
1.000000e-30 1.000000e-30 1.000000e-30 6.382341e-22 1.000000e-30
6.953124e-22 3.803120e-20 1.000000e-30 2.605674e-21 1.019812e-20
2.950937e-20 1.000000e-30 4.481568e-18 9.790390e-20 1.763843e-18
1.808589e-18 6.705791e-18 5.319490e-18 7.813759e-18 9.444957e-18
5.880307e-18 1.000000e-30 1.000000e-30 1.000000e-30 8.094313e-18
1.318166e-17 8.289532e-18 1.000000e-30 1.000000e-30 1.769701e-17
5.044522e-17 7.103952e-17 5.290175e-18 2.576677e-17 2.643991e-17
2.421642e-17 2.876471e-16 4.150400e-17 7.824922e-17 1.904934e-16
8.417439e-18 8.695208e-17 7.477734e-17 3.095280e-15 1.403072e-15
5.782159e-17 9.919733e-17 5.831228e-17 9.900565e-17 1.000000e-30
1.139567e-16 2.528425e-16 2.599202e-16 1.000000e-30 3.662689e-15
1.000000e-30 1.000000e-30 1.094032e-15 2.177459e-16 2.492183e-15
1.127353e-15 1.272038e-15 4.919263e-15 2.280972e-15 3.675953e-16
5.383318e-15 1.314740e-16 5.660047e-15 2.696870e-15 1.085400e-15
9.515026e-16 6.600244e-16 4.260887e-16 1.735042e-15 5.557123e-16
5.844401e-16 4.942765e-17 1.000000e-30 1.000000e-30 1.000000e-30
1.000000e-30 1.000000e-30 1.000000e-30 2.947610e-16 2.799432e-16
1.000000e-30 1.000000e-30 1.000000e-30 1.000000e-30 1.000000e-30
3.951209e-16 1.000000e-30 1.000000e-30 1.000000e-30 1.000000e-30
1.000000e-30 1.000000e-30 1.000000e-30 1.000000e-30 1.000000e-30
1.000000e-30 1.000000e-30 1.000000e-30 2.774087e-16 1.000000e-30
1.000000e-30 7.232193e-16 1.000000e-30 1.000000e-30 1.000000e-30
1.000000e-30 1.000000e-30 1.000000e-30 6.956167e-15 1.000000e-30
1.000000e-30 1.000000e-30 1.000000e-30 1.000000e-30 1.000000e-30
1.000000e-30 1.000000e-30 1.000000e-30 1.000000e-30 1.000000e-30
1.000000e-30 1.000000e-30 1.000000e-30 1.000000e-30 1.000000e-30
1.000000e-30 1.000000e-30 1.000000e-30 1.000000e-30 1.000000e-30
6.854298e-09 2.357990e-08 2.095989e-08 6.287254e-08 8.705125e-08
5.383528e-08 3.072586e-08 4.110077e-08 2.999943e-08 5.707317e-08
3.138420e-07 3.945127e-07 4.375533e-10 6.590995e-08 2.043615e-07
1.209041e-06 2.052565e-06 9.259744e-07 1.309845e-06 7.180241e-07
2.964142e-07 1.416325e-06 2.370691e-06 1.051804e-06 1.732024e-06
7.846193e-07 1.468345e-06 3.730431e-06 1.180016e-05 1.005755e-05
3.153233e-06 1.000000e-30 7.417542e-06 1.003499e-05 1.252711e-06
6.737054e-06 5.088245e-06 1.309128e-06 2.854243e-07 3.729881e-07
1.932698e-06 1.000000e-30 3.830081e-05 8.886628e-05 1.000000e-30
2.427258e-06 1.000000e-30 3.487442e-06 5.295634e-06 1.849115e-05
1.956902e-05 1.406290e-05 2.774227e-05 6.233831e-06 1.012234e-05
1.097137e-05 4.562039e-06 5.916120e-06 1.221561e-05 1.000000e-30
7.537078e-06 5.656867e-06 5.170755e-06 1.000000e-30 1.047406e-04
2.065076e-05 8.383705e-07 2.055611e-04 2.423517e-05 1.089429e-04
1.274327e-04 1.307941e-04 1.408549e-04 1.499253e-04 1.786126e-04
7.260140e-05 1.211937e-04 1.066562e-04 1.214636e-04 9.602316e-06
1.541388e-05 4.298699e-06 8.052987e-05 3.903615e-05 1.000000e-30
1.943251e-05 7.015199e-06 2.232133e-05 1.320484e-05 1.502543e-05
2.878611e-05 3.997910e-05 2.126258e-05 7.219182e-07 1.000000e-30
3.153283e-05 1.000000e-30 1.136266e-04 1.862988e-05 4.147687e-05
2.752206e-05 4.209146e-05 1.000000e-30 1.414507e-05 7.623598e-06
1.000000e-30 1.062427e-05 2.725041e-07 1.000000e-30 5.676845e-06
5.580409e-06 1.456914e-05 1.343838e-05 5.299416e-05 1.983892e-04
1.000000e-30 1.627815e-05 5.171637e-05 1.871014e-05 2.164931e-04
1.000000e-30 2.546725e-05 1.641138e-05 1.033237e-05 5.494979e-05
3.471786e-05 1.866453e-05 7.925944e-05 9.501277e-05 2.739586e-05
6.917386e-05 9.464267e-05 1.328868e-04 1.992939e-04 8.613507e-05
1.514053e-04 3.064905e-04 3.366642e-04 3.588881e-04 2.188991e-04
6.616373e-05 2.634208e-04 2.881250e-04 2.715570e-04 1.000000e-30
1.245260e-04 2.561433e-04 2.514705e-04 2.003720e-04 1.589948e-04
2.725957e-04 2.831620e-04 2.225184e-04 1.222861e-04 2.941237e-04
2.941332e-04 2.412959e-04 2.080281e-04 3.800354e-04 2.373460e-04
2.306455e-04 2.231300e-04 2.637254e-04 2.663937e-04 2.312645e-04
2.067664e-04 1.972586e-04 1.540430e-04 1.749492e-04 1.313482e-04
1.131913e-04 1.075977e-04 1.039805e-04 9.771427e-05 1.323092e-04
1.283305e-04 8.548029e-05 1.303665e-04 8.741722e-05 1.976555e-04
1.685062e-04 1.726323e-04 2.537137e-04 1.909238e-04 2.820870e-04
2.627350e-04 2.386239e-04 1.947045e-04 1.889783e-04 1.830661e-04
1.458237e-04 1.646429e-04 1.226126e-04 1.248576e-04 1.332174e-04
1.291297e-04 1.198012e-04 1.262043e-04 1.213923e-04 1.114436e-04
1.142244e-04 1.138676e-04 1.027595e-04 1.052686e-04 7.875751e-05
9.496028e-05 1.141587e-04 1.186673e-04 1.082523e-04 8.813938e-05
1.188951e-04 1.313212e-04 9.420327e-05 1.005042e-04 1.039362e-04
7.681676e-05 1.094060e-04 1.070708e-04 5.690717e-05 6.784987e-05
1.298709e-04 6.121347e-05 8.727764e-05 9.466730e-05 8.730739e-05
6.748807e-05 7.246362e-05 5.244668e-05 7.272622e-05 8.534695e-05
6.715448e-05 6.365302e-05 6.220997e-05 7.220113e-05 7.085965e-05
7.255394e-05 7.425249e-05 6.200576e-05 6.744038e-05 7.123837e-05
5.759941e-05 7.036132e-05 6.685563e-05 6.993942e-05 6.954517e-05
6.673797e-05 6.626039e-05 6.236831e-05 6.118247e-05 5.571639e-05
5.127162e-05 5.076086e-05 4.549776e-05 1.831327e-05 7.858886e-05
5.839074e-05 5.143764e-05 4.971243e-05 4.875004e-05 4.723283e-05
4.368054e-05 4.434483e-05 4.280801e-05 3.821352e-05 4.127917e-05
4.481217e-05 4.194073e-05 2.895030e-05 5.953591e-05 4.861810e-05
4.460402e-05 4.633562e-05 4.118879e-05 4.086693e-05 4.415664e-05
4.628476e-05 3.598645e-05 3.384808e-05 4.175390e-05 4.730325e-05
4.101805e-05 4.260543e-05 3.163683e-05 3.573181e-05 3.715335e-05
1.000000e-30 7.561083e-05 6.419527e-05 6.455517e-05 3.780585e-05
6.310096e-05 6.537309e-05 6.312930e-05 6.283390e-05 5.555281e-05
5.347613e-05 4.225830e-05 4.408075e-05 4.211211e-05 4.094247e-05
3.083550e-05 3.856328e-05 3.321299e-05 3.436600e-05 3.410696e-05
3.655039e-05 2.589220e-05 2.928539e-05 2.814401e-05 2.756862e-05
2.926928e-05 3.259965e-05 3.206461e-05 3.314324e-05 3.346517e-05
3.320871e-05 3.248561e-05 3.373246e-05 3.248232e-05 3.231878e-05
3.224445e-05 3.050823e-05 2.490371e-05 2.782851e-05 3.169020e-05
3.145749e-05 2.911508e-05 2.925425e-05 2.824288e-05 2.900568e-05
3.203893e-05 3.304159e-05 3.488406e-05 3.235035e-05 3.403282e-05
3.052003e-05 2.954595e-05 3.173935e-05 3.385151e-05 3.152434e-05
3.503265e-05 3.538678e-05 2.987996e-05 3.239485e-05 3.123921e-05
3.091178e-05 3.114906e-05 3.067602e-05 3.332806e-05 3.107699e-05
3.036757e-05 3.156407e-05 2.950706e-05 2.958591e-05 3.036428e-05
3.066811e-05 3.048541e-05 2.938739e-05 2.990804e-05 2.970380e-05
3.316569e-05 3.271711e-05 3.278770e-05 3.281776e-05 3.277653e-05
3.275216e-05 3.272224e-05 3.267676e-05 3.462087e-05 3.996106e-05
3.820085e-05 3.826000e-05 4.276476e-05 1.301559e-05 3.358080e-05
3.258907e-05 3.237837e-05 3.430876e-05 3.314095e-05 1.444255e-05
2.973877e-05 3.716858e-05 3.181537e-05 3.117375e-05 2.514572e-05
1.828067e-05 2.021227e-05 9.044905e-06 4.603329e-05 3.216822e-05
3.475674e-05 2.359995e-05 1.754050e-05 2.220936e-05 1.557919e-05
1.155234e-05 1.975040e-05 1.818855e-05 2.331111e-05 2.615020e-05
2.107235e-05 1.967991e-05 1.844718e-05 1.816193e-05 2.612667e-05
2.373062e-05 1.714652e-05 1.812892e-05 3.358428e-06 1.668142e-05
1.623353e-05 1.715683e-05 2.067626e-05 2.833192e-05 7.766315e-06
1.304569e-06 2.455025e-05 1.802657e-05 1.049228e-06 1.000000e-30
3.267864e-05 2.058875e-05 1.542439e-05 2.239505e-05 2.317272e-05
2.388532e-05 2.674552e-05 2.766942e-05 2.810121e-05 2.358718e-05
1.185692e-05 2.403782e-05 1.499405e-05 1.605625e-05 1.261842e-05
5.999403e-06 5.901426e-06 2.139449e-05 2.803542e-05 2.282228e-05
1.718189e-05 1.455442e-05 1.316840e-05 1.433993e-05 1.440038e-05
2.814440e-05 1.289520e-05 7.096938e-06 5.747236e-06 4.769172e-06
3.403478e-06 3.285723e-06 3.335631e-06 3.400463e-06 3.357484e-06
3.332829e-06 3.285950e-06 3.258337e-06 3.294898e-06 3.395166e-06
3.398991e-06 3.005543e-06 2.701059e-06 2.474822e-06 2.549887e-06
2.172411e-06 2.135659e-06 1.543981e-06 1.498208e-06 1.490963e-06
1.488730e-06 2.404152e-06 2.656220e-06 3.383179e-06 7.932809e-07
1.317477e-06 1.255940e-06 1.253193e-06 1.235629e-06 9.732267e-07
2.701183e-06 1.118055e-06 1.040435e-06 8.995576e-07 1.003053e-06
1.152596e-06 9.046425e-07 1.456770e-06 7.615808e-07 7.813687e-07
8.774412e-07 6.124646e-07 6.019924e-07 6.052586e-07 5.848992e-07
5.825725e-07 5.877586e-07 5.900829e-07 5.874298e-07 5.864905e-07
5.843970e-07 5.897677e-07 5.287021e-07 5.040806e-07 5.302174e-07
3.242642e-07 4.285811e-07 2.769549e-07 4.592244e-07 9.726666e-07
4.208284e-07 5.100632e-07 5.270381e-07 5.280037e-07 3.858247e-07
2.876835e-07 1.838506e-07 2.498021e-07 1.890763e-07 1.612839e-07
1.615805e-07 1.742188e-07 1.318515e-07 7.350587e-08 2.260992e-07
1.368649e-07 9.017663e-08 8.163681e-08 7.559621e-08 6.487898e-08
5.754042e-08 5.825672e-08 5.828328e-08 5.849396e-08 5.790912e-08
4.843564e-08 7.978385e-08 5.735140e-08 3.890756e-08 3.010655e-08
1.257949e-08 1.449726e-08 1.180606e-08 1.171513e-08 1.130022e-08
1.355445e-08 5.887176e-09 1.106135e-08 2.566552e-09 3.202595e-09
3.804539e-09 3.718545e-09 3.512562e-09 3.375857e-09 2.110970e-09
2.222568e-09 1.879390e-09 1.175937e-09 1.161264e-09 1.159012e-09
1.157633e-09 1.200676e-09 8.043721e-10 8.475025e-10 6.068202e-10
5.167697e-10 4.952437e-10 4.950511e-10 4.912256e-10 5.968855e-10
4.090675e-10 3.437194e-10 2.815127e-10 2.290894e-10 2.300419e-10
2.315192e-10 2.470643e-10 1.588938e-10 1.872548e-10 1.526676e-10
1.282933e-10 1.291243e-10 1.300128e-10 1.308091e-10 1.563230e-10
7.459677e-11 8.179184e-11 6.348484e-11 5.699543e-11 1.528805e-10
2.097597e-10 3.165950e-10 7.120820e-11 6.968351e-11 4.598117e-11
3.543399e-11 3.432180e-11 3.428151e-11 3.428546e-11 3.428309e-11
3.940125e-11 2.725398e-11 3.473522e-11 1.964627e-11 1.873829e-11
2.635664e-11 4.922095e-11 1.170378e-10 3.879806e-11 1.100475e-11
1.661690e-11 1.284370e-11 1.345922e-11 1.342209e-11 1.341560e-11
1.340325e-11 1.414751e-11 1.065148e-11 8.321277e-12 8.277706e-12
9.019449e-12 6.364584e-12 5.483275e-12 6.217274e-12 7.530087e-13
2.163017e-13 4.824252e-14 8.742386e-15 1.383503e-15 1.967705e-16
2.349633e-17 1.988474e-18 7.537373e-20 1.964129e-22 1.800321e-23
3.605703e-25 1.000000e-30
