20060612
1
1
age
1
1534
lambda
1.0
F_lambda
1.0
1.0
5.000000e+00 5.306190e+00 5.612379e+00 5.918570e+00 6.224760e+00
6.837139e+00 7.449518e+00 8.061898e+00 8.674277e+00 9.286657e+00
9.899038e+00 1.051141e+01 1.112380e+01 1.173619e+01 1.234855e+01
1.357332e+01 1.479807e+01 1.602282e+01 1.724757e+01 1.847234e+01
1.969713e+01 2.092189e+01 2.214665e+01 2.337141e+01 2.459614e+01
2.460107e+01 2.609781e+01 2.610303e+01 2.773256e+01 2.773812e+01
2.923695e+01 2.924280e+01 3.060857e+01 3.061470e+01 3.291592e+01
3.521721e+01 3.522427e+01 3.767923e+01 3.768678e+01 4.024825e+01
4.025631e+01 4.347334e+01 4.669044e+01 4.990752e+01 5.312452e+01
5.313516e+01 5.392101e+01 5.393181e+01 5.754174e+01 6.115177e+01
6.116388e+01 6.550357e+01 6.984334e+01 6.985733e+01 7.471779e+01
7.473276e+01 8.050466e+01 8.052078e+01 8.202665e+01 8.204309e+01
8.447127e+01 8.448819e+01 8.461766e+01 8.463461e+01 9.165539e+01
9.867611e+01 9.869587e+01 9.920921e+01 9.922909e+01 9.952656e+01
9.954650e+01 1.017234e+02 1.017438e+02 1.066861e+02 1.067075e+02
1.150914e+02 1.151145e+02 1.251135e+02 1.251385e+02 1.263336e+02
1.263587e+02 1.266438e+02 1.266692e+02 1.276736e+02 1.276989e+02
1.292731e+02 1.292990e+02 1.294020e+02 1.294279e+02 1.339593e+02
1.339862e+02 1.341708e+02 1.341977e+02 1.372417e+02 1.372692e+02
1.410493e+02 1.410776e+02 1.434634e+02 1.434918e+02 1.441983e+02
1.442271e+02 1.505234e+02 1.505532e+02 1.519606e+02 1.519910e+02
1.543281e+02 1.543590e+02 1.600184e+02 1.600505e+02 1.625923e+02
1.651342e+02 1.651673e+02 1.652076e+02 1.653160e+02 1.653492e+02
1.654581e+02 1.654912e+02 1.685808e+02 1.716702e+02 1.717042e+02
1.736269e+02 1.736617e+02 1.759321e+02 1.759673e+02 1.781234e+02
1.781591e+02 1.793478e+02 1.793833e+02 1.807711e+02 1.821587e+02
1.835460e+02 1.849337e+02 1.849707e+02 1.864189e+02 1.864563e+02
1.869080e+02 1.869455e+02 1.887200e+02 1.887578e+02 1.896239e+02
1.904904e+02 1.913564e+02 1.922224e+02 1.922609e+02 1.933250e+02
1.933637e+02 1.935468e+02 1.935856e+02 1.947417e+02 1.958985e+02
1.970543e+02 1.982111e+02 1.982504e+02 1.986013e+02 1.986410e+02
1.995653e+02 2.004897e+02 2.014142e+02 2.023383e+02 2.023788e+02
2.033612e+02 2.038525e+02 2.043436e+02 2.048349e+02 2.053260e+02
2.058174e+02 2.063084e+02 2.063498e+02 2.068221e+02 2.068636e+02
2.073061e+02 2.077485e+02 2.081915e+02 2.086340e+02 2.090764e+02
2.095193e+02 2.099617e+02 2.104045e+02 2.104462e+02 2.110061e+02
2.115656e+02 2.121251e+02 2.126846e+02 2.127272e+02 2.132058e+02
2.136845e+02 2.141633e+02 2.146417e+02 2.146847e+02 2.153282e+02
2.153714e+02 2.158674e+02 2.163635e+02 2.168598e+02 2.173557e+02
2.178517e+02 2.183479e+02 2.188442e+02 2.193401e+02 2.193840e+02
2.194234e+02 2.194674e+02 2.195189e+02 2.199480e+02 2.203769e+02
2.208061e+02 2.212346e+02 2.212789e+02 2.216261e+02 2.219734e+02
2.223202e+02 2.226676e+02 2.230144e+02 2.233619e+02 2.237088e+02
2.240557e+02 2.241006e+02 2.245593e+02 2.250179e+02 2.252470e+02
2.254764e+02 2.257054e+02 2.259347e+02 2.259800e+02 2.262096e+02
2.264389e+02 2.266679e+02 2.268977e+02 2.271271e+02 2.273563e+02
2.275857e+02 2.278148e+02 2.278605e+02 2.380685e+02 2.381162e+02
2.406584e+02 2.407066e+02 2.407543e+02 2.408020e+02 2.424767e+02
2.425253e+02 2.438518e+02 2.439007e+02 2.545769e+02 2.546273e+02
2.566522e+02 2.567030e+02 2.570200e+02 2.570715e+02 2.579295e+02
2.579812e+02 2.588797e+02 2.589316e+02 2.613533e+02 2.614057e+02
2.614857e+02 2.615381e+02 2.690983e+02 2.691522e+02 2.713401e+02
2.713945e+02 2.721210e+02 2.721755e+02 2.726277e+02 2.726823e+02
2.742199e+02 2.742749e+02 2.774055e+02 2.774610e+02 2.805731e+02
2.806293e+02 2.814310e+02 2.814874e+02 2.857762e+02 2.858334e+02
2.864871e+02 2.865444e+02 2.891812e+02 2.892391e+02 2.926079e+02
2.926658e+02 2.930731e+02 2.931325e+02 2.963657e+02 2.964251e+02
2.995312e+02 2.995912e+02 2.996595e+02 2.997195e+02 2.999004e+02
2.999605e+02 3.044143e+02 3.044746e+02 3.046660e+02 3.047270e+02
3.048807e+02 3.049418e+02 3.070577e+02 3.091740e+02 3.112899e+02
3.134058e+02 3.134686e+02 3.162817e+02 3.190950e+02 3.191589e+02
3.192045e+02 3.192684e+02 3.207680e+02 3.208322e+02 3.225507e+02
3.242694e+02 3.259883e+02 3.277072e+02 3.277729e+02 3.278831e+02
3.279480e+02 3.279986e+02 3.280643e+02 3.288085e+02 3.288743e+02
3.295649e+02 3.296310e+02 3.324505e+02 3.352641e+02 3.380773e+02
3.408906e+02 3.409581e+02 3.435833e+02 3.462079e+02 3.462773e+02
3.492464e+02 3.522151e+02 3.522857e+02 3.526379e+02 3.527086e+02
3.557280e+02 3.557984e+02 3.587633e+02 3.617279e+02 3.618004e+02
3.621337e+02 3.622063e+02 3.648203e+02 3.674346e+02 3.700479e+02
3.726619e+02 3.727366e+02 3.728121e+02 3.728859e+02 3.756125e+02
3.783380e+02 3.810641e+02 3.837903e+02 3.865165e+02 3.892423e+02
3.919674e+02 3.946935e+02 3.947726e+02 3.959552e+02 3.960345e+02
3.986043e+02 4.011742e+02 4.012546e+02 4.038676e+02 4.039466e+02
4.040276e+02 4.047967e+02 4.048778e+02 4.077942e+02 4.107107e+02
4.136262e+02 4.165422e+02 4.166256e+02 4.176947e+02 4.177784e+02
4.187569e+02 4.188408e+02 4.221541e+02 4.222377e+02 4.229578e+02
4.230425e+02 4.236664e+02 4.237513e+02 4.267357e+02 4.297204e+02
4.298065e+02 4.301154e+02 4.302016e+02 4.332614e+02 4.363199e+02
4.393797e+02 4.424386e+02 4.425272e+02 4.430329e+02 4.431217e+02
4.451568e+02 4.452460e+02 4.472816e+02 4.473712e+02 4.487692e+02
4.488591e+02 4.505656e+02 4.506558e+02 4.513506e+02 4.514410e+02
4.527391e+02 4.528298e+02 4.537911e+02 4.538820e+02 4.568662e+02
4.569577e+02 4.588091e+02 4.588925e+02 4.589845e+02 4.600849e+02
4.601771e+02 4.616236e+02 4.630416e+02 4.644586e+02 4.658756e+02
4.659690e+02 4.672550e+02 4.685414e+02 4.686353e+02 4.698660e+02
4.710955e+02 4.723262e+02 4.735556e+02 4.736505e+02 4.749042e+02
4.761579e+02 4.762533e+02 4.778394e+02 4.794254e+02 4.810110e+02
4.825974e+02 4.826941e+02 4.838313e+02 4.849690e+02 4.850662e+02
4.852751e+02 4.853723e+02 4.858699e+02 4.859672e+02 4.870842e+02
4.882014e+02 4.882992e+02 4.890069e+02 4.897145e+02 4.904232e+02
4.911317e+02 4.918390e+02 4.925474e+02 4.932556e+02 4.939637e+02
4.946716e+02 4.953806e+02 4.960883e+02 4.967970e+02 4.975045e+02
4.982129e+02 4.989212e+02 4.996294e+02 4.997088e+02 4.998078e+02
5.001981e+02 5.002983e+02 5.012761e+02 5.017646e+02 5.022535e+02
5.027418e+02 5.032306e+02 5.037198e+02 5.042083e+02 5.043093e+02
5.085375e+02 5.086394e+02 5.109189e+02 5.110201e+02 5.120012e+02
5.121038e+02 5.155016e+02 5.156049e+02 5.183165e+02 5.210279e+02
5.237403e+02 5.264523e+02 5.265577e+02 5.269774e+02 5.270830e+02
5.310495e+02 5.350175e+02 5.351247e+02 5.352492e+02 5.353564e+02
5.370763e+02 5.371839e+02 5.408378e+02 5.444926e+02 5.446017e+02
5.458320e+02 5.459414e+02 5.499206e+02 5.500308e+02 5.549004e+02
5.597692e+02 5.646379e+02 5.695069e+02 5.696210e+02 5.734215e+02
5.735364e+02 5.741522e+02 5.742659e+02 5.764306e+02 5.765447e+02
5.795928e+02 5.826396e+02 5.827563e+02 5.831161e+02 5.832329e+02
5.866283e+02 5.900244e+02 5.934211e+02 5.968167e+02 5.969363e+02
5.991575e+02 5.992775e+02 6.026734e+02 6.060703e+02 6.094667e+02
6.128624e+02 6.129852e+02 6.156700e+02 6.157934e+02 6.195181e+02
6.196422e+02 6.251180e+02 6.252432e+02 6.286299e+02 6.320173e+02
6.354041e+02 6.387913e+02 6.421789e+02 6.455665e+02 6.489526e+02
6.523400e+02 6.524707e+02 6.542971e+02 6.544282e+02 6.585216e+02
6.586535e+02 6.628603e+02 6.670663e+02 6.712743e+02 6.754808e+02
6.756161e+02 6.794211e+02 6.832270e+02 6.870336e+02 6.908392e+02
6.909776e+02 6.962096e+02 7.014424e+02 7.015425e+02 7.016831e+02
7.019723e+02 7.021130e+02 7.029574e+02 7.030982e+02 7.084089e+02
7.085508e+02 7.097526e+02 7.098948e+02 7.100223e+02 7.101646e+02
7.105669e+02 7.107093e+02 7.128021e+02 7.129450e+02 7.189869e+02
7.191310e+02 7.244593e+02 7.297868e+02 7.299330e+02 7.361410e+02
7.362885e+02 7.364750e+02 7.438357e+02 7.439778e+02 7.441269e+02
7.488486e+02 7.535690e+02 7.537199e+02 7.581742e+02 7.626284e+02
7.627812e+02 7.632556e+02 7.634085e+02 7.679572e+02 7.681093e+02
7.698037e+02 7.699579e+02 7.702895e+02 7.704439e+02 7.750219e+02
7.751772e+02 7.797655e+02 7.799217e+02 7.828959e+02 7.830527e+02
7.835577e+02 7.837147e+02 7.854074e+02 7.855648e+02 7.884370e+02
7.885950e+02 7.902909e+02 7.904493e+02 7.954063e+02 7.955656e+02
7.995691e+02 8.035742e+02 8.037352e+02 8.092785e+02 8.094406e+02
8.099850e+02 8.101473e+02 8.129990e+02 8.131600e+02 8.191492e+02
8.251388e+02 8.253041e+02 8.256291e+02 8.257945e+02 8.263633e+02
8.265288e+02 8.308412e+02 8.351510e+02 8.353183e+02 8.414513e+02
8.416199e+02 8.432202e+02 8.433891e+02 8.463578e+02 8.465274e+02
8.471299e+02 8.472996e+02 8.485374e+02 8.487074e+02 8.494288e+02
8.495971e+02 8.502057e+02 8.503760e+02 8.516183e+02 8.517889e+02
8.523226e+02 8.524934e+02 8.530274e+02 8.531983e+02 8.602922e+02
8.604646e+02 8.645836e+02 8.647568e+02 8.657889e+02 8.659623e+02
8.661877e+02 8.696250e+02 8.697972e+02 8.741944e+02 8.785915e+02
8.787675e+02 8.815887e+02 8.817653e+02 8.836352e+02 8.838122e+02
8.844779e+02 8.846551e+02 8.892748e+02 8.938960e+02 8.940751e+02
8.980882e+02 8.982681e+02 8.989799e+02 8.991600e+02 9.031066e+02
9.032875e+02 9.039866e+02 9.041677e+02 9.070266e+02 9.071999e+02
9.073817e+02 9.103240e+02 9.104770e+02 9.106595e+02 9.110034e+02
9.111188e+02 9.112594e+02 9.114419e+02 9.116728e+02 9.118555e+02
9.134694e+02 9.136524e+02 9.143701e+02 9.145533e+02 9.232472e+02
9.234322e+02 9.315947e+02 9.317813e+02 9.387134e+02 9.456447e+02
9.458342e+02 9.465989e+02 9.467886e+02 9.535665e+02 9.603355e+02
9.605257e+02 9.613289e+02 9.615215e+02 9.705927e+02 9.796659e+02
9.887375e+02 9.978080e+02 1.006881e+03 1.015954e+03 1.025024e+03
1.034096e+03 1.043167e+03 1.052240e+03 1.061312e+03 1.070385e+03
1.079456e+03 1.088529e+03 1.097600e+03 1.106672e+03 1.106894e+03
1.112800e+03 1.113023e+03 1.114977e+03 1.115201e+03 1.123319e+03
1.131436e+03 1.139554e+03 1.147675e+03 1.155793e+03 1.163912e+03
1.172031e+03 1.180149e+03 1.180386e+03 1.187176e+03 1.187414e+03
1.196831e+03 1.206246e+03 1.215662e+03 1.225079e+03 1.225324e+03
1.228067e+03 1.228313e+03 1.235518e+03 1.235765e+03 1.245524e+03
1.245770e+03 1.252305e+03 1.258836e+03 1.259088e+03 1.267042e+03
1.274997e+03 1.275252e+03 1.284733e+03 1.294211e+03 1.294470e+03
1.302228e+03 1.302489e+03 1.309116e+03 1.309378e+03 1.312874e+03
1.313137e+03 1.320848e+03 1.328559e+03 1.328826e+03 1.336586e+03
1.336854e+03 1.341798e+03 1.342066e+03 1.346558e+03 1.346828e+03
1.356610e+03 1.366397e+03 1.366671e+03 1.368302e+03 1.368576e+03
1.376246e+03 1.383914e+03 1.384191e+03 1.393481e+03 1.393760e+03
1.396227e+03 1.396507e+03 1.402032e+03 1.402313e+03 1.405384e+03
1.405666e+03 1.408410e+03 1.408692e+03 1.414617e+03 1.414901e+03
1.416694e+03 1.416978e+03 1.422552e+03 1.422837e+03 1.423577e+03
1.423751e+03 1.424036e+03 1.428947e+03 1.429233e+03 1.432432e+03
1.432719e+03 1.446832e+03 1.460942e+03 1.461235e+03 1.465477e+03
1.465771e+03 1.478121e+03 1.490473e+03 1.502824e+03 1.515176e+03
1.515479e+03 1.520407e+03 1.520712e+03 1.530277e+03 1.539845e+03
1.540153e+03 1.542901e+03 1.543210e+03 1.546522e+03 1.546831e+03
1.556768e+03 1.557080e+03 1.566336e+03 1.566650e+03 1.573678e+03
1.573994e+03 1.588016e+03 1.602042e+03 1.602363e+03 1.612000e+03
1.612323e+03 1.621788e+03 1.631252e+03 1.640714e+03 1.650179e+03
1.650509e+03 1.652586e+03 1.652917e+03 1.669222e+03 1.685528e+03
1.701833e+03 1.718138e+03 1.734443e+03 1.750749e+03 1.767051e+03
1.783356e+03 1.783713e+03 1.799845e+03 1.815980e+03 1.832108e+03
1.848243e+03 1.864374e+03 1.880507e+03 1.896636e+03 1.912767e+03
1.913150e+03 1.931226e+03 1.931612e+03 1.945486e+03 1.945875e+03
1.959521e+03 1.973172e+03 1.986818e+03 2.000470e+03 2.000871e+03
2.018710e+03 2.019115e+03 2.022949e+03 2.023355e+03 2.027155e+03
2.027561e+03 2.041033e+03 2.041442e+03 2.044674e+03 2.045079e+03
2.050336e+03 2.050747e+03 2.051219e+03 2.051630e+03 2.063707e+03
2.075778e+03 2.087853e+03 2.099926e+03 2.112005e+03 2.124076e+03
2.136151e+03 2.148226e+03 2.160300e+03 2.172376e+03 2.184449e+03
2.196524e+03 2.208600e+03 2.220675e+03 2.232749e+03 2.244822e+03
2.245272e+03 2.266559e+03 2.287847e+03 2.309133e+03 2.330419e+03
2.330886e+03 2.344585e+03 2.358283e+03 2.371980e+03 2.385679e+03
2.386157e+03 2.403001e+03 2.419842e+03 2.436688e+03 2.453534e+03
2.454025e+03 2.468687e+03 2.483356e+03 2.483854e+03 2.500109e+03
2.500610e+03 2.502742e+03 2.503243e+03 2.516836e+03 2.517341e+03
2.525969e+03 2.526475e+03 2.544808e+03 2.563144e+03 2.581481e+03
2.599812e+03 2.600333e+03 2.625343e+03 2.650349e+03 2.675359e+03
2.700362e+03 2.700903e+03 2.722100e+03 2.743298e+03 2.764496e+03
2.785698e+03 2.786256e+03 2.802102e+03 2.817955e+03 2.818519e+03
2.834484e+03 2.850454e+03 2.851025e+03 2.875226e+03 2.899432e+03
2.923641e+03 2.947847e+03 2.948438e+03 2.950143e+03 2.950734e+03
2.959232e+03 2.959825e+03 2.979202e+03 2.979799e+03 2.995181e+03
3.010565e+03 3.025945e+03 3.041326e+03 3.041935e+03 3.061674e+03
3.081407e+03 3.101144e+03 3.120879e+03 3.121505e+03 3.138817e+03
3.156124e+03 3.173438e+03 3.190752e+03 3.208064e+03 3.225373e+03
3.242687e+03 3.259995e+03 3.260649e+03 3.280673e+03 3.300700e+03
3.320726e+03 3.340758e+03 3.360779e+03 3.380804e+03 3.400831e+03
3.420858e+03 3.421543e+03 3.440717e+03 3.459888e+03 3.479061e+03
3.498235e+03 3.498936e+03 3.524139e+03 3.549343e+03 3.550054e+03
3.572235e+03 3.594405e+03 3.595125e+03 3.603529e+03 3.604251e+03
3.621146e+03 3.621871e+03 3.623348e+03 3.624074e+03 3.637902e+03
3.638631e+03 3.639310e+03 3.640039e+03 3.642235e+03 3.642965e+03
3.643754e+03 3.645037e+03 3.645768e+03 3.646691e+03 3.647422e+03
3.650001e+03 3.678587e+03 3.679324e+03 3.704009e+03 3.728688e+03
3.753375e+03 3.778053e+03 3.802734e+03 3.827419e+03 3.852104e+03
3.876779e+03 3.901468e+03 3.926142e+03 3.950827e+03 3.975511e+03
4.000194e+03 4.024871e+03 4.049552e+03 4.074234e+03 4.075051e+03
4.096321e+03 4.117580e+03 4.138853e+03 4.160112e+03 4.181374e+03
4.202648e+03 4.223913e+03 4.245179e+03 4.246020e+03 4.270001e+03
4.286393e+03 4.326752e+03 4.367119e+03 4.407487e+03 4.408370e+03
4.435749e+03 4.463135e+03 4.490524e+03 4.517914e+03 4.518820e+03
4.541622e+03 4.564414e+03 4.565328e+03 4.609088e+03 4.610011e+03
4.639445e+03 4.668872e+03 4.698292e+03 4.727723e+03 4.757152e+03
4.786587e+03 4.816006e+03 4.845438e+03 4.846408e+03 4.884971e+03
4.885939e+03 4.906039e+03 4.907022e+03 4.914270e+03 4.915254e+03
4.952358e+03 4.953338e+03 4.958668e+03 4.959661e+03 4.960415e+03
4.961409e+03 4.996904e+03 5.032410e+03 5.067900e+03 5.103405e+03
5.138898e+03 5.160004e+03 5.174400e+03 5.209907e+03 5.245405e+03
5.246456e+03 5.286862e+03 5.327261e+03 5.367672e+03 5.408079e+03
5.409162e+03 5.438849e+03 5.468548e+03 5.498231e+03 5.527936e+03
5.557622e+03 5.587313e+03 5.617007e+03 5.646691e+03 5.647822e+03
5.691372e+03 5.692513e+03 5.695371e+03 5.696512e+03 5.734123e+03
5.771730e+03 5.809343e+03 5.846945e+03 5.884547e+03 5.922158e+03
5.959763e+03 5.997372e+03 5.998574e+03 5.999997e+03 6.041726e+03
6.084880e+03 6.128018e+03 6.171177e+03 6.214326e+03 6.257473e+03
6.300630e+03 6.343778e+03 6.345049e+03 6.397481e+03 6.398763e+03
6.453793e+03 6.455086e+03 6.477046e+03 6.478344e+03 6.479135e+03
6.479895e+03 6.481194e+03 6.518595e+03 6.555986e+03 6.593378e+03
6.630771e+03 6.632099e+03 6.696302e+03 6.760503e+03 6.824707e+03
6.888902e+03 6.890282e+03 6.934162e+03 6.978065e+03 7.021954e+03
7.065843e+03 7.109728e+03 7.153622e+03 7.197505e+03 7.241408e+03
7.242858e+03 7.290444e+03 7.338056e+03 7.385655e+03 7.433254e+03
7.434744e+03 7.476443e+03 7.518150e+03 7.559847e+03 7.601547e+03
7.603070e+03 7.662615e+03 7.722164e+03 7.781727e+03 7.841281e+03
7.842852e+03 7.918811e+03 7.920398e+03 7.981380e+03 8.042369e+03
8.043980e+03 8.099757e+03 8.101380e+03 8.169453e+03 8.171090e+03
8.185929e+03 8.187570e+03 8.189794e+03 8.198115e+03 8.199153e+03
8.200531e+03 8.201419e+03 8.202987e+03 8.205046e+03 8.206689e+03
8.258763e+03 8.260418e+03 8.303095e+03 8.345762e+03 8.388417e+03
8.431095e+03 8.473757e+03 8.516438e+03 8.601773e+03 8.687104e+03
8.772452e+03 8.857782e+03 8.943139e+03 9.028467e+03 9.113811e+03
9.199156e+03 9.284489e+03 9.369836e+03 9.455163e+03 9.540497e+03
9.625848e+03 9.627777e+03 9.707916e+03 9.788068e+03 9.868224e+03
9.948372e+03 9.950342e+03 1.000339e+04 1.005643e+04 1.010946e+04
1.016251e+04 1.021556e+04 1.026859e+04 1.032162e+04 1.037466e+04
1.042771e+04 1.048074e+04 1.053380e+04 1.058683e+04 1.069291e+04
1.079899e+04 1.080115e+04 1.083363e+04 1.083580e+04 1.091757e+04
1.099935e+04 1.108115e+04 1.116292e+04 1.116516e+04 1.125322e+04
1.134049e+04 1.142778e+04 1.151508e+04 1.151739e+04 1.162998e+04
1.174259e+04 1.185520e+04 1.196782e+04 1.197022e+04 1.202932e+04
1.203173e+04 1.204639e+04 1.204881e+04 1.205061e+04 1.205186e+04
1.208353e+04 1.208596e+04 1.215453e+04 1.222309e+04 1.229167e+04
1.236027e+04 1.242882e+04 1.249741e+04 1.256600e+04 1.263456e+04
1.263709e+04 1.273046e+04 1.282384e+04 1.291722e+04 1.301059e+04
1.310397e+04 1.319733e+04 1.329070e+04 1.338409e+04 1.347746e+04
1.357082e+04 1.366419e+04 1.375758e+04 1.385093e+04 1.394431e+04
1.403770e+04 1.413107e+04 1.413390e+04 1.422666e+04 1.431944e+04
1.432231e+04 1.439140e+04 1.439428e+04 1.451199e+04 1.451490e+04
1.458015e+04 1.458307e+04 1.458677e+04 1.458969e+04 1.466861e+04
1.474755e+04 1.482651e+04 1.490545e+04 1.498442e+04 1.506337e+04
1.514231e+04 1.522124e+04 1.530020e+04 1.537914e+04 1.545810e+04
1.553707e+04 1.561601e+04 1.569495e+04 1.577390e+04 1.585284e+04
1.601073e+04 1.616862e+04 1.632653e+04 1.648443e+04 1.664233e+04
1.680022e+04 1.695809e+04 1.711599e+04 1.711942e+04 1.720969e+04
1.729992e+04 1.739014e+04 1.748039e+04 1.757062e+04 1.766087e+04
1.775109e+04 1.784132e+04 1.784490e+04 1.799691e+04 1.814897e+04
1.830097e+04 1.845300e+04 1.845670e+04 1.856346e+04 1.867020e+04
1.877699e+04 1.888374e+04 1.899048e+04 1.909726e+04 1.920401e+04
1.931079e+04 1.941753e+04 1.952428e+04 1.963103e+04 1.973781e+04
1.984454e+04 1.995129e+04 2.005806e+04 2.016485e+04 2.027160e+04
2.037835e+04 2.048510e+04 2.059183e+04 2.069860e+04 2.080535e+04
2.091212e+04 2.101890e+04 2.112565e+04 2.123240e+04 2.133914e+04
2.144594e+04 2.165943e+04 2.187293e+04 2.187731e+04 2.204662e+04
2.221590e+04 2.238520e+04 2.255449e+04 2.255901e+04 2.270252e+04
2.270706e+04 2.278148e+04 2.278605e+04 2.279182e+04 2.279633e+04
2.294542e+04 2.309442e+04 2.324347e+04 2.339252e+04 2.354155e+04
2.369060e+04 2.383966e+04 2.398866e+04 2.413771e+04 2.428673e+04
2.443577e+04 2.458482e+04 2.473387e+04 2.488290e+04 2.503197e+04
2.518100e+04 2.533005e+04 2.547904e+04 2.562808e+04 2.577716e+04
2.592621e+04 2.607522e+04 2.622425e+04 2.637327e+04 2.652235e+04
2.667135e+04 2.682038e+04 2.696944e+04 2.711852e+04 2.726754e+04
2.741656e+04 2.756563e+04 2.757116e+04 2.772260e+04 2.787411e+04
2.787969e+04 2.802651e+04 2.817338e+04 2.832024e+04 2.846709e+04
2.861396e+04 2.876080e+04 2.890766e+04 2.905447e+04 2.920135e+04
2.934817e+04 2.964190e+04 2.993560e+04 3.022929e+04 3.257894e+04
3.258547e+04 3.270469e+04 3.271124e+04 3.280537e+04 3.281195e+04
3.282018e+04 3.282676e+04 3.850073e+04 3.850845e+04 4.451322e+04
4.452214e+04 4.462189e+04 4.463083e+04 4.465170e+04 4.466065e+04
4.467196e+04 4.468091e+04 5.125839e+04 5.126866e+04 5.831134e+04
5.832060e+04 5.833229e+04 5.834706e+04 5.835875e+04 6.583851e+04
6.585170e+04 7.380640e+04 7.381625e+04 7.382679e+04 7.384549e+04
7.386029e+04 8.224112e+04 8.225759e+04 9.108545e+04 9.110370e+04
9.112594e+04 9.114419e+04 9.116728e+04 9.118534e+04 1.004664e+05
1.004866e+05 1.101504e+05 1.101722e+05 1.102625e+05 1.102846e+05
1.103123e+05 1.103344e+05 1.205141e+05 1.205383e+05 1.310898e+05
1.311158e+05 1.312215e+05 1.312478e+05 1.312807e+05 1.313070e+05
1.423843e+05 1.424128e+05 1.538877e+05 1.539182e+05 1.540029e+05
1.540338e+05 1.540725e+05 1.541033e+05 1.783118e+05 1.783471e+05
1.786204e+05 1.786562e+05 1.786878e+05 1.787236e+05 2.049982e+05
2.050392e+05 2.050898e+05 2.051261e+05 2.051672e+05 2.333883e+05
2.334345e+05 2.634729e+05 2.635257e+05 2.953820e+05 2.954412e+05
3.291137e+05 3.291797e+05 3.646691e+05 3.647413e+05 4.020472e+05
4.021277e+05 4.412493e+05 4.413377e+05 1.262848e+06 2.084356e+06
3.727374e+06 7.013406e+06 1.358548e+07 2.672963e+07 5.301796e+07
1.055944e+08 2.107478e+08 4.210542e+08 8.416664e+08
1.000000e-30 1.000000e-30 1.000000e-30 1.000000e-30 1.000000e-30
1.000000e-30 1.000000e-30 1.000000e-30 1.000000e-30 1.000000e-30
1.000000e-30 1.000000e-30 1.000000e-30 1.000000e-30 1.000000e-30
1.000000e-30 1.000000e-30 1.000000e-30 1.000000e-30 1.000000e-30
1.000000e-30 1.000000e-30 1.000000e-30 1.000000e-30 1.000000e-30
1.000000e-30 1.000000e-30 1.000000e-30 1.000000e-30 1.000000e-30
1.000000e-30 1.000000e-30 1.000000e-30 1.000000e-30 1.000000e-30
1.000000e-30 1.000000e-30 1.000000e-30 1.000000e-30 1.000000e-30
1.000000e-30 1.000000e-30 1.000000e-30 1.000000e-30 1.000000e-30
1.000000e-30 1.000000e-30 1.000000e-30 1.000000e-30 1.000000e-30
1.000000e-30 1.000000e-30 1.000000e-30 1.000000e-30 1.000000e-30
1.000000e-30 1.000000e-30 1.000000e-30 1.000000e-30 1.000000e-30
1.000000e-30 1.000000e-30 1.000000e-30 1.000000e-30 1.000000e-30
1.000000e-30 1.000000e-30 1.000000e-30 1.000000e-30 1.000000e-30
1.000000e-30 1.000000e-30 1.000000e-30 1.000000e-30 1.000000e-30
1.000000e-30 1.000000e-30 1.000000e-30 1.000000e-30 1.000000e-30
1.000000e-30 1.000000e-30 1.000000e-30 1.000000e-30 1.000000e-30
1.000000e-30 1.000000e-30 1.000000e-30 1.000000e-30 1.000000e-30
1.000000e-30 1.000000e-30 1.000000e-30 1.000000e-30 1.000000e-30
1.000000e-30 1.000000e-30 2.193967e-30 2.368809e-30 3.261970e-30
1.000000e-30 3.779027e-29 4.880114e-29 8.760522e-29 8.069377e-29
2.165409e-28 1.000000e-30 1.568267e-27 1.733485e-27 4.393190e-27
1.081758e-26 1.145434e-26 1.160460e-26 1.205397e-26 1.217671e-26
1.263863e-26 1.096377e-26 3.172634e-26 8.356607e-26 8.780515e-26
1.602655e-25 1.150641e-25 3.378936e-25 3.157330e-25 6.046861e-25
6.244534e-25 8.781728e-25 8.753263e-25 1.265348e-24 1.905724e-24
2.777922e-24 3.998527e-24 4.049114e-24 5.855446e-24 6.026706e-24
6.764723e-24 6.656562e-24 1.055942e-23 1.073446e-23 1.338597e-23
1.654131e-23 2.048991e-23 2.528774e-23 2.546889e-23 3.297691e-23
3.336645e-23 3.483133e-23 3.473202e-23 4.582157e-23 6.028371e-23
7.932133e-23 1.006932e-22 1.031953e-22 1.116735e-22 1.125278e-22
1.373631e-22 1.691220e-22 2.072001e-22 2.530813e-22 2.552407e-22
3.151810e-22 3.504612e-22 3.883292e-22 4.322251e-22 4.799655e-22
5.160716e-22 5.894677e-22 5.904322e-22 6.503992e-22 6.559489e-22
7.178604e-22 7.854888e-22 8.597061e-22 9.394853e-22 9.954971e-22
1.051332e-21 1.222982e-21 1.337519e-21 1.350424e-21 1.500376e-21
1.689818e-21 1.871716e-21 2.084827e-21 2.101648e-21 2.304305e-21
2.525573e-21 2.765731e-21 3.028099e-21 3.054780e-21 3.440725e-21
3.470643e-21 3.808991e-21 4.176380e-21 4.576147e-21 5.017068e-21
5.493005e-21 6.010630e-21 6.576427e-21 7.199959e-21 7.254208e-21
7.305501e-21 7.362749e-21 7.428823e-21 8.025092e-21 8.659643e-21
9.347597e-21 1.008324e-20 1.016670e-20 1.081036e-20 1.148656e-20
1.220029e-20 1.296970e-20 1.377400e-20 1.464131e-20 1.554032e-20
1.656723e-20 1.661728e-20 1.801233e-20 1.913154e-20 1.774598e-20
2.126816e-20 2.180269e-20 2.269917e-20 2.352448e-20 2.466721e-20
2.547065e-20 2.655767e-20 2.758989e-20 2.870054e-20 2.986689e-20
3.100131e-20 1.000000e-30 1.000000e-30 3.851057e-16 3.603960e-16
1.194813e-15 1.239481e-15 1.326081e-15 9.799186e-16 6.813810e-16
1.904101e-16 7.602738e-16 4.654360e-17 4.417332e-15 4.701430e-15
7.547446e-16 5.241795e-15 4.837823e-15 3.963419e-15 4.905237e-15
3.437241e-15 7.298103e-15 5.305301e-15 7.232193e-15 3.679510e-14
1.063212e-13 2.158241e-13 1.916152e-14 1.125797e-13 1.714115e-13
5.352541e-13 6.956648e-13 1.027188e-12 1.000000e-30 2.915278e-13
4.565307e-13 1.851015e-13 9.283249e-13 5.864622e-13 1.433574e-12
1.279794e-12 1.958845e-12 1.002444e-12 2.800980e-12 1.000000e-30
1.944196e-12 2.738420e-12 1.299003e-12 2.161275e-12 2.637242e-12
1.000000e-30 2.108385e-12 1.656723e-12 5.696263e-12 5.553413e-12
7.158467e-12 1.000000e-30 1.321387e-16 2.292926e-17 2.636210e-16
5.517216e-12 1.000000e-30 7.277630e-13 4.732929e-12 9.358365e-12
1.026668e-11 1.397076e-11 5.525225e-12 1.267010e-11 7.950602e-12
2.614087e-11 1.415794e-11 2.044467e-11 1.190502e-11 1.275822e-11
2.858051e-11 3.728808e-11 2.458669e-11 4.632229e-11 8.980903e-12
3.445879e-11 3.689946e-11 6.101126e-11 5.134049e-11 4.903543e-11
4.876632e-11 4.894293e-11 4.716176e-11 5.945522e-11 4.750617e-11
3.318868e-11 8.499042e-11 1.507475e-11 8.617673e-11 7.546229e-11
8.178808e-11 1.251682e-10 7.555270e-11 6.654723e-11 6.477986e-11
1.094181e-10 1.584492e-11 1.746301e-10 1.056647e-10 1.558723e-10
1.326114e-10 8.265897e-11 2.622231e-10 1.584736e-10 1.794907e-10
1.576424e-10 1.955109e-10 1.448749e-10 2.266470e-10 1.309357e-10
1.535501e-10 2.218278e-10 2.236053e-10 2.080703e-10 1.864030e-10
2.539657e-10 3.197091e-10 4.362114e-10 1.042181e-10 4.248240e-10
4.936953e-10 5.744801e-10 5.460369e-10 6.152760e-10 6.502375e-10
6.143360e-10 7.296339e-10 7.800744e-10 8.289417e-10 1.228463e-09
1.378898e-09 6.436103e-10 6.436992e-10 1.085046e-09 7.271182e-10
1.245687e-09 9.410615e-10 6.055207e-10 1.637144e-09 1.258734e-09
2.545224e-09 3.758244e-09 1.296457e-08 1.602762e-08 8.057383e-09
1.547883e-08 9.623255e-09 1.050780e-08 5.442081e-09 5.764770e-09
7.853062e-09 8.601734e-09 7.772433e-09 8.019919e-09 6.818408e-09
1.486798e-08 5.213832e-09 1.000000e-30 1.600560e-08 5.392597e-09
9.746103e-09 1.601393e-08 1.370320e-08 1.236745e-08 3.714694e-08
3.442572e-08 1.481866e-08 2.163401e-08 2.648829e-08 5.568189e-09
6.440951e-10 4.352502e-08 7.552505e-09 1.266917e-10 6.651598e-08
4.880755e-08 2.302433e-08 1.234244e-09 7.251502e-09 4.039634e-08
3.154932e-08 4.087747e-08 5.423342e-08 3.453584e-08 2.643322e-08
2.529933e-08 2.169941e-08 1.121313e-08 1.647821e-08 1.186889e-08
4.815085e-09 6.026817e-08 3.910083e-08 1.012724e-08 3.465636e-08
1.000000e-30 3.197187e-08 3.035002e-08 2.857768e-08 4.709296e-08
6.317031e-09 7.561901e-08 7.961942e-08 4.430605e-08 7.903801e-08
4.202648e-08 1.000000e-30 6.660963e-08 5.260754e-08 3.930710e-08
1.000000e-30 2.728230e-08 5.788140e-08 3.980998e-08 7.917098e-08
7.337650e-08 6.260211e-08 5.825698e-08 6.933508e-08 7.648478e-08
5.164069e-08 8.516105e-08 6.492695e-08 9.417356e-08 9.206001e-08
1.016628e-07 8.262111e-08 7.990906e-08 8.694628e-08 6.474303e-08
8.771806e-08 9.834177e-08 1.054185e-07 9.047675e-08 1.833597e-08
9.570685e-08 1.343906e-07 1.384357e-07 1.247165e-07 3.376525e-07
1.000000e-30 2.032441e-07 9.852876e-07 2.033228e-06 2.351749e-09
9.807335e-08 2.459337e-06 1.000000e-30 9.838548e-07 1.983449e-07
1.605436e-06 1.000000e-30 1.000000e-30 1.000000e-30 4.372723e-07
1.983097e-07 1.027226e-07 3.729486e-07 2.666257e-07 2.468192e-07
1.000000e-30 1.000000e-30 2.002387e-07 3.536421e-07 7.663603e-07
8.149970e-07 1.342184e-07 7.486262e-07 1.085323e-07 7.921383e-07
5.131992e-06 5.704847e-07 1.401709e-06 2.500455e-06 2.704749e-06
2.543999e-06 2.267765e-06 1.000000e-30 1.773340e-06 1.300553e-06
1.251783e-06 3.022672e-07 3.003143e-07 3.129817e-07 1.000000e-30
1.238999e-06 3.314004e-06 2.430317e-06 2.578630e-06 1.564055e-06
1.204401e-06 2.295530e-06 2.114799e-06 3.085027e-06 4.235269e-07
2.090860e-06 4.590585e-07 7.238157e-06 5.990278e-06 3.703164e-06
4.597037e-07 2.499119e-05 5.621640e-06 4.921166e-06 2.761462e-06
2.373608e-06 1.000000e-30 5.363237e-05 6.591693e-06 1.291998e-05
7.803205e-06 3.716636e-05 2.455992e-05 6.634512e-06 2.789395e-05
4.495614e-05 9.089458e-06 1.164643e-05 1.344027e-05 9.011996e-05
7.646012e-05 1.889396e-05 4.033007e-05 1.000000e-30 5.995356e-05
2.519289e-05 5.941868e-06 1.226442e-04 1.101126e-04 1.088712e-04
1.085830e-04 1.142752e-04 6.417517e-05 5.902976e-05 6.006009e-05
3.896198e-05 9.339035e-05 5.288372e-05 3.449141e-05 2.457803e-05
4.139577e-05 5.901671e-05 7.404112e-05 7.724351e-05 8.707891e-05
6.946723e-05 7.129778e-05 4.840921e-05 5.617189e-05 8.009142e-05
7.623212e-05 5.800067e-05 6.695099e-05 6.539507e-05 1.711201e-05
6.647433e-05 7.890672e-05 8.344801e-05 5.029456e-05 7.666498e-05
7.710774e-05 1.999770e-05 1.000000e-30 1.075714e-04 1.479006e-04
1.296537e-04 1.181082e-04 1.083109e-04 6.630923e-05 5.572589e-06
1.694720e-05 7.132635e-05 9.247919e-05 6.519841e-05 9.501671e-05
1.056358e-04 1.102085e-04 9.667652e-05 9.673263e-05 6.950675e-05
7.049040e-05 4.787293e-05 6.198720e-05 6.428698e-05 6.657053e-05
7.155517e-05 6.963042e-05 7.081333e-05 4.239923e-05 6.531546e-05
6.930427e-05 6.411520e-05 6.580396e-05 4.224857e-05 6.541736e-05
5.409200e-05 7.568033e-05 8.186344e-05 8.152504e-05 7.164271e-05
6.934306e-05 6.288253e-05 5.498978e-05 5.339653e-05 5.237222e-05
5.374969e-05 5.903628e-05 5.622183e-05 3.226391e-05 5.501131e-05
7.883226e-05 2.993498e-05 6.120882e-05 5.572409e-05 7.342788e-05
6.428831e-05 8.636664e-05 9.017019e-05 3.498751e-05 4.626228e-05
6.015670e-05 6.975157e-05 7.459883e-05 6.789769e-05 2.376452e-05
6.583123e-05 5.430427e-05 8.808501e-05 7.998766e-05 7.190482e-05
8.492137e-05 5.919377e-05 5.865162e-05 5.774083e-05 6.172669e-05
7.675241e-05 3.067849e-05 6.414577e-05 6.327716e-05 5.743386e-05
6.157579e-05 7.352195e-05 5.331434e-05 6.810202e-05 8.627600e-05
3.004796e-05 5.337170e-05 5.861922e-05 4.248856e-05 7.536592e-05
6.568361e-05 6.377082e-05 5.462281e-05 6.194924e-05 6.427824e-05
5.313345e-05 5.424441e-05 5.357732e-05 4.472867e-05 3.557157e-05
3.931325e-05 4.593725e-05 5.561206e-05 6.228995e-05 5.488808e-05
5.611772e-05 7.647597e-05 7.427061e-05 2.746073e-05 7.407011e-05
3.804162e-05 8.407677e-05 7.924867e-05 5.426477e-05 7.292493e-05
6.966490e-05 7.552122e-05 5.561731e-05 6.207904e-05 4.496225e-05
6.005788e-05 6.867363e-05 6.384854e-05 5.510360e-05 1.917750e-05
5.133044e-05 9.757690e-05 5.466974e-05 5.282165e-05 4.994787e-05
7.613844e-05 5.518499e-05 5.096042e-05 4.400459e-05 5.591380e-05
4.259543e-05 6.100508e-05 4.457548e-05 4.938022e-05 4.134833e-05
5.368970e-05 4.542637e-05 4.315588e-05 5.301503e-05 3.525372e-05
4.758149e-05 4.266277e-05 4.803093e-05 4.179497e-05 4.729704e-05
3.341296e-05 3.196230e-05 5.029734e-05 3.917518e-05 7.957910e-05
4.157028e-05 4.445381e-05 5.283163e-05 1.241378e-04 6.988887e-05
4.614791e-05 4.663758e-05 3.479862e-05 3.452487e-05 3.415002e-05
3.050956e-05 4.121146e-05 4.579542e-05 4.373811e-05 3.860157e-05
3.484280e-05 3.890595e-05 3.455358e-05 3.832437e-05 3.732622e-05
3.291433e-05 3.560312e-05 3.171889e-05 3.435833e-05 3.359882e-05
3.333443e-05 3.362614e-05 3.394580e-05 3.619020e-05 3.140682e-05
3.392532e-05 3.920577e-05 5.083408e-05 2.635518e-05 3.806791e-05
3.261737e-05 3.783755e-05 3.219882e-05 3.775235e-05 4.210629e-05
2.772394e-05 2.871587e-05 1.967750e-05 4.442189e-05 5.462431e-05
3.077492e-05 2.006786e-05 3.086008e-05 3.771404e-05 4.383914e-05
4.938022e-05 2.875206e-05 1.411959e-05 3.514811e-05 3.897023e-05
4.068488e-05 3.498727e-05 1.634549e-05 3.103759e-05 3.539289e-05
3.498984e-05 4.005678e-05 1.177378e-05 3.057342e-05 1.240021e-05
3.789893e-05 2.634390e-05 2.525387e-05 2.150661e-05 3.163989e-05
3.035512e-05 2.777544e-05 3.452200e-05 2.493303e-05 3.388761e-05
2.701936e-05 3.314309e-05 2.251080e-05 1.337119e-05 1.313070e-05
3.543962e-05 4.735960e-06 8.189285e-06 1.673910e-05 3.673398e-06
1.668115e-05 1.424502e-05 1.132823e-05 5.888477e-06 2.080889e-05
1.717256e-05 2.556036e-05 1.501202e-05 1.208468e-05 1.168568e-05
1.468277e-05 1.307423e-05 1.024394e-05 2.113898e-05 2.005783e-05
2.647390e-05 4.905689e-06 8.877629e-06 1.422024e-05 2.607312e-05
1.697958e-05 1.160898e-05 2.665318e-05 4.110096e-05 2.775403e-05
2.130277e-05 2.257091e-05 1.985688e-05 2.159235e-05 2.254914e-05
2.336480e-05 2.002742e-05 2.080099e-05 1.783171e-05 2.108929e-05
1.426130e-05 1.416482e-05 2.166616e-05 1.437828e-05 1.854855e-05
1.425437e-05 2.340173e-05 9.025432e-06 1.929363e-05 2.085379e-05
1.243667e-05 1.344101e-05 1.267701e-05 1.221454e-05 1.000113e-05
1.268659e-05 1.231028e-05 1.297645e-05 1.374197e-05 1.190400e-05
1.278121e-05 1.152596e-05 1.114343e-05 1.162899e-05 1.087256e-05
1.670721e-05 1.185144e-05 1.136313e-05 1.742750e-05 1.094327e-05
9.338992e-06 1.004778e-05 9.941021e-06 8.832060e-06 8.432959e-06
9.246598e-06 7.325951e-06 8.052672e-06 1.261020e-05 7.649305e-06
8.283712e-06 9.381235e-06 5.907993e-06 9.461674e-06 7.082066e-06
6.877570e-06 6.577851e-06 6.329931e-06 6.415315e-06 6.249280e-06
7.151448e-06 8.002653e-06 5.968360e-06 5.701472e-06 5.835445e-06
5.584278e-06 5.804369e-06 6.119839e-06 6.306509e-06 5.967686e-06
5.846810e-06 5.671723e-06 5.200798e-06 5.872770e-06 1.000979e-05
8.432260e-06 6.856382e-06 4.982565e-06 5.148266e-06 5.033059e-06
4.845560e-06 4.783734e-06 4.733986e-06 4.669915e-06 4.848551e-06
5.028958e-06 3.827163e-06 7.090274e-06 8.617911e-06 3.719410e-06
3.868441e-06 3.951491e-06 3.815514e-06 3.733499e-06 3.651195e-06
3.667972e-06 3.651708e-06 3.565086e-06 3.690821e-06 3.452566e-06
3.493317e-06 3.031119e-06 3.427591e-06 3.411473e-06 3.441969e-06
3.407266e-06 3.422520e-06 3.234082e-06 3.354517e-06 3.706440e-06
3.301156e-06 3.123964e-06 3.080357e-06 3.132103e-06 3.025255e-06
3.088353e-06 2.958339e-06 2.794190e-06 2.875756e-06 2.996043e-06
2.749179e-06 2.355131e-06 2.839239e-06 4.847413e-06 4.802396e-06
2.692409e-06 2.493320e-06 2.494428e-06 2.438389e-06 2.489006e-06
2.384114e-06 2.975829e-06 2.252211e-06 2.851918e-06 2.193052e-06
2.147905e-06 2.161359e-06 2.131803e-06 2.120880e-06 2.052655e-06
2.724194e-06 2.323710e-06 1.988447e-06 1.960857e-06 1.916523e-06
1.966324e-06 1.876631e-06 1.960437e-06 1.939389e-06 1.955397e-06
1.828050e-06 1.843423e-06 1.871152e-06 1.936132e-06 1.723717e-06
1.807091e-06 1.839492e-06 1.865808e-06 1.899022e-06 1.902278e-06
1.905794e-06 1.906295e-06 1.904645e-06 1.903154e-06 1.900658e-06
1.916602e-06 1.637921e-06 1.658296e-06 1.680908e-06 1.634794e-06
1.590142e-06 1.897462e-06 1.694900e-06 1.553453e-06 1.699632e-06
1.236434e-06 2.373193e-06 1.385234e-06 1.995092e-06 1.393705e-06
1.604815e-06 1.272943e-06 1.709527e-06 1.600192e-06 1.541612e-06
8.051281e-07 2.565104e-06 1.271874e-06 1.245785e-06 1.146785e-06
1.100079e-06 1.477590e-06 1.084189e-06 1.092469e-06 1.060620e-06
1.050449e-06 9.669500e-07 1.470314e-06 1.308413e-06 1.197295e-06
9.538125e-07 1.002852e-06 8.543956e-07 1.680099e-06 1.033004e-06
1.231040e-06 1.274081e-06 1.080401e-06 9.053489e-07 9.058682e-07
1.448618e-06 2.142427e-06 4.094548e-06 1.114377e-06 7.598572e-07
7.644587e-07 8.064343e-07 7.431423e-07 4.817303e-07 1.759373e-06
1.480349e-06 8.045055e-07 8.628097e-07 8.429465e-07 8.192605e-07
8.969950e-07 8.346569e-07 8.008865e-07 7.940850e-07 7.889491e-07
7.552018e-07 6.748947e-07 8.462331e-07 7.005756e-07 6.423652e-07
6.193669e-07 6.431674e-07 6.316362e-07 6.057982e-07 6.287515e-07
5.990154e-07 5.766031e-07 6.673951e-07 6.009883e-07 5.271558e-07
4.410959e-07 7.777374e-07 5.280305e-07 5.391492e-07 5.077454e-07
4.968131e-07 4.892277e-07 4.821276e-07 4.746462e-07 4.491858e-07
5.261069e-07 5.745701e-07 5.655357e-07 5.689237e-07 4.631632e-07
4.404139e-07 4.460094e-07 4.661718e-07 6.807317e-07 6.824613e-07
4.652796e-07 4.007818e-07 4.102589e-07 4.001234e-07 3.942630e-07
3.840847e-07 3.791849e-07 3.664156e-07 3.646935e-07 3.681018e-07
3.711556e-07 3.528085e-07 3.356789e-07 3.495007e-07 4.035999e-07
3.212558e-07 3.087493e-07 3.901539e-07 4.197686e-07 4.233933e-07
4.267043e-07 4.659904e-07 3.387700e-07 3.031126e-07 1.367849e-06
3.095708e-07 3.594347e-07 1.198367e-06 5.170636e-07 2.527877e-07
2.638348e-07 2.535263e-07 2.828095e-07 2.554865e-07 2.511644e-07
2.311980e-07 3.828741e-07 2.927096e-07 2.477690e-07 2.294817e-07
2.268684e-07 2.467823e-07 2.336178e-07 2.168223e-07 2.163545e-07
2.123909e-07 2.087738e-07 2.073581e-07 2.045055e-07 1.941038e-07
2.156304e-07 2.010708e-07 2.040056e-07 1.890558e-07 1.822846e-07
1.830038e-07 1.753529e-07 1.757624e-07 1.710756e-07 1.751499e-07
1.829208e-07 1.628021e-07 1.655370e-07 1.612245e-07 1.640276e-07
1.641928e-07 1.631928e-07 1.627238e-07 1.609144e-07 1.607322e-07
1.605247e-07 1.604065e-07 1.600715e-07 1.594047e-07 1.570790e-07
1.571777e-07 2.080257e-07 1.589465e-07 1.515416e-07 1.504822e-07
1.515284e-07 1.516422e-07 1.407700e-07 1.413556e-07 1.329432e-07
1.343220e-07 1.270112e-07 1.203475e-07 1.251985e-07 1.168571e-07
1.088399e-07 1.208568e-07 1.145753e-07 1.275857e-07 1.048943e-07
1.105819e-07 1.009271e-07 9.307928e-08 9.279530e-08 8.500941e-08
1.053038e-07 1.022756e-07 8.484710e-08 9.916353e-08 9.654460e-08
1.272773e-07 8.413835e-08 7.842689e-08 7.669340e-08 8.682504e-08
7.414468e-08 7.969205e-08 7.301667e-08 7.206925e-08 6.985798e-08
6.861720e-08 8.986281e-08 1.373836e-08 3.546451e-07 2.512286e-07
7.861022e-08 6.756161e-08 6.127439e-08 6.186984e-08 5.979653e-08
5.862164e-08 5.731786e-08 5.611035e-08 5.618081e-08 6.377581e-08
6.130050e-08 5.069895e-08 5.004757e-08 5.172589e-08 4.501850e-08
4.522494e-08 6.451475e-08 6.300848e-08 6.330602e-08 6.445120e-08
6.376920e-08 6.003659e-08 4.868263e-08 4.680196e-08 4.628380e-08
4.661042e-08 4.567200e-08 4.478277e-08 4.468554e-08 4.404453e-08
4.305811e-08 4.047744e-08 6.096913e-08 7.290512e-08 4.171142e-08
3.848159e-08 3.762885e-08 3.751094e-08 3.662512e-08 3.562969e-08
3.493446e-08 3.425169e-08 3.847893e-08 3.276680e-08 3.241634e-08
3.221351e-08 3.075580e-08 3.095872e-08 3.024350e-08 2.956433e-08
3.122734e-08 2.908888e-08 2.816534e-08 3.059588e-08 3.302098e-08
2.967734e-08 2.975452e-08 2.959559e-08 2.928586e-08 2.671308e-08
2.484889e-08 3.003115e-08 2.487763e-08 2.582700e-08 2.452782e-08
2.451766e-08 2.419151e-08 2.455427e-08 2.376873e-08 2.334286e-08
2.267645e-08 2.323325e-08 2.203698e-08 2.276203e-08 2.177198e-08
2.095198e-08 2.101556e-08 1.925764e-08 1.966881e-08 1.849971e-08
1.861830e-08 1.758924e-08 1.965572e-08 1.978122e-08 1.704881e-08
1.438298e-08 2.617134e-08 1.880884e-08 1.558454e-08 1.542222e-08
1.510018e-08 1.593030e-08 1.535741e-08 1.473367e-08 1.484653e-08
1.570290e-08 1.335885e-08 1.356950e-08 1.280560e-08 1.571433e-08
4.192297e-08 3.549744e-08 1.322029e-08 1.306418e-08 2.797931e-08
1.263782e-08 1.155311e-08 1.527028e-08 1.146022e-08 1.109545e-08
1.090072e-08 1.072791e-08 1.061143e-08 1.042942e-08 1.028144e-08
9.956736e-09 1.116231e-08 5.064657e-09 1.097213e-08 9.637469e-09
9.369232e-09 9.285173e-09 9.827838e-09 1.124921e-08 9.291247e-09
8.714571e-09 1.059493e-08 9.164758e-09 7.794083e-09 8.404135e-09
7.912159e-09 7.600935e-09 7.913853e-09 7.727233e-09 7.366921e-09
7.446942e-09 7.257098e-09 7.260959e-09 7.253039e-09 7.249149e-09
6.986457e-09 6.823953e-09 6.993217e-09 6.674688e-09 6.818707e-09
6.389767e-09 6.209062e-09 6.142469e-09 6.088986e-09 5.983165e-09
5.873717e-09 5.746481e-09 5.801763e-09 5.516886e-09 5.558364e-09
5.296903e-09 5.437860e-09 5.087530e-09 6.757873e-09 5.745105e-09
4.911351e-09 4.927913e-09 5.791206e-09 9.171239e-09 4.716122e-09
4.470962e-09 4.731938e-09 4.340892e-09 4.368406e-09 4.301055e-09
4.195908e-09 4.099322e-09 4.290906e-09 4.389419e-09 3.958922e-09
3.959406e-09 3.865859e-09 3.918781e-09 3.351645e-09 4.001234e-09
3.644240e-09 3.913758e-09 3.793665e-09 3.524674e-09 3.439846e-09
3.406975e-09 3.508399e-09 3.210539e-09 3.677554e-09 2.458816e-09
2.690711e-09 2.576458e-09 2.554806e-09 2.471098e-09 2.479654e-09
2.476293e-09 2.425822e-09 1.599923e-09 1.908170e-09 1.146091e-09
1.033842e-09 1.005671e-09 9.970318e-10 9.893045e-10 9.867542e-10
9.839477e-10 1.113569e-09 6.441040e-10 6.778834e-10 4.431778e-10
4.587890e-10 4.600330e-10 4.606870e-10 4.911645e-10 2.980218e-10
3.205546e-10 2.333485e-10 2.759923e-10 2.808918e-10 2.824353e-10
3.970306e-10 1.157212e-10 1.667904e-10 1.328715e-10 1.261822e-10
1.260974e-10 1.261081e-10 1.263616e-10 1.278454e-10 9.659619e-11
9.616344e-11 7.561187e-11 7.178439e-11 7.231360e-11 7.241024e-11
7.253373e-11 8.294305e-11 5.777900e-11 8.755481e-11 4.310920e-11
4.573830e-11 4.593566e-11 4.601188e-11 4.618171e-11 4.571303e-11
3.760625e-11 3.746709e-11 2.963671e-11 3.001995e-11 2.997506e-11
2.995919e-11 2.993988e-11 3.115014e-11 2.088575e-11 2.026656e-11
2.010620e-11 2.007844e-11 2.005349e-11 2.171501e-11 1.476828e-11
1.338258e-11 1.333153e-11 1.332478e-11 1.368012e-11 1.037672e-11
9.971259e-12 6.960172e-12 7.385332e-12 5.668002e-12 5.507950e-12
3.746451e-12 3.837956e-12 2.927993e-12 2.971871e-12 2.629239e-12
2.240320e-12 1.749927e-12 1.807507e-12 1.039753e-13 2.301389e-14
3.840078e-15 4.448053e-16 3.046702e-17 6.910986e-19 1.000000e-30
1.000000e-30 1.000000e-30 1.834848e-26 1.000000e-30
