# Temperature	Lambda (erg cm3/s)	Np	Ne	L (erg/cm3/s)	H (erg/cm3/s)	Top Cooler	Cfrac	Top Heater	Hfrac
1.00000e+02	6.06378e-25	9.99540e+00	1.16413e+01	7.05900e-23	8.60660e-21	O  3 883300.0	0.3749554	H  1	0.9126194 
1.25893e+02	8.46174e-25	9.99540e+00	1.16439e+01	9.85280e-23	7.46110e-21	N  3 572100.0	0.4126785	H  1	0.9134391 
1.58489e+02	1.11586e-24	9.99770e+00	1.16439e+01	1.29930e-22	6.46450e-21	N  3 572100.0	0.4422836	H  1	0.9140543 
1.99526e+02	1.39188e-24	9.99770e+00	1.16439e+01	1.62070e-22	5.59740e-21	N  3 572100.0	0.4595690	H  1	0.9145415 
2.51189e+02	1.65442e-24	9.99770e+00	1.16439e+01	1.92640e-22	4.84310e-21	N  3 572100.0	0.4681267	H  1	0.9149421 
3.16228e+02	1.89025e-24	9.99770e+00	1.16439e+01	2.20100e-22	4.18730e-21	N  3 572100.0	0.4702040	H  1	0.9152641 
3.98107e+02	2.09245e-24	9.99770e+00	1.16466e+01	2.43700e-22	3.61750e-21	N  3 572100.0	0.4673170	H  1	0.9154943 
5.01187e+02	2.25920e-24	9.99770e+00	1.16466e+01	2.63120e-22	3.12290e-21	N  3 572100.0	0.4607530	H  1	0.9155897 
6.30957e+02	2.38945e-24	9.99770e+00	1.16466e+01	2.78290e-22	2.69390e-21	N  3 572100.0	0.4515412	H  1	0.9155008 
7.94328e+02	2.48424e-24	1.00000e+01	1.16466e+01	2.89330e-22	2.32210e-21	N  3 572100.0	0.4406281	H  1	0.9151974 
1.00000e+03	2.54554e-24	1.00000e+01	1.16466e+01	2.96470e-22	1.99990e-21	N  3 572100.0	0.4288025	H  1	0.9147085 
1.25893e+03	2.57749e-24	1.00000e+01	1.16466e+01	3.00190e-22	1.72090e-21	N  3 572100.0	0.4165945	H  1	0.9141115 
1.58489e+03	2.58358e-24	1.00000e+01	1.16466e+01	3.00900e-22	1.47910e-21	N  3 572100.0	0.4045642	H  1	0.9134938 
1.99526e+03	2.56856e-24	1.00000e+01	1.16466e+01	2.99150e-22	1.26970e-21	N  3 572100.0	0.3929239	H  1	0.9129304 
2.51189e+03	2.53704e-24	1.00000e+01	1.16466e+01	2.95480e-22	1.08840e-21	N  3 572100.0	0.3816039	H  1	0.9124541 
3.16228e+03	2.49557e-24	1.00000e+01	1.16466e+01	2.90650e-22	9.31710e-22	N  3 572100.0	0.3700680	H  1	0.9120513 
3.98107e+03	2.45908e-24	1.00000e+01	1.16466e+01	2.86400e-22	7.96410e-22	N  3 572100.0	0.3565255	H  1	0.9116747 
5.01187e+03	2.45603e-24	1.00000e+01	1.16493e+01	2.86110e-22	6.79780e-22	N  3 572100.0	0.3373913	H  1	0.9112116 
6.30957e+03	2.53346e-24	1.00000e+01	1.16493e+01	2.95130e-22	5.79390e-22	N  3 572100.0	0.3081373	H  1	0.9105583 
7.94328e+03	2.79639e-24	1.00000e+01	1.16493e+01	3.25760e-22	4.93080e-22	N  3 572100.0	0.2622352	H  1	0.9096730 
1.00000e+04	3.50888e-24	1.00000e+01	1.16493e+01	4.08760e-22	4.18940e-22	O  3 5007.0	0.2125045	H  1	0.9085289 
1.25893e+04	5.36693e-24	1.00000e+01	1.16493e+01	6.25210e-22	3.55330e-22	C  3 1910.0	0.2719589	H  1	0.9070967 
1.58489e+04	9.90531e-24	1.00000e+01	1.16493e+01	1.15390e-21	3.00890e-22	C  3 1910.0	0.4388524	H  1	0.9050575 
1.99526e+04	2.00063e-23	1.00000e+01	1.16493e+01	2.33060e-21	2.54640e-22	C  3 1910.0	0.5048945	H  1	0.9012574 
2.51189e+04	4.09020e-23	1.00000e+01	1.16493e+01	4.76480e-21	2.15880e-22	C  3 1910.0	0.4696401	H  1	0.8930932 
3.16228e+04	8.10005e-23	1.00000e+01	1.16493e+01	9.43600e-21	1.83850e-22	C  3 1910.0	0.3834173	H  1	0.8768710 
3.98107e+04	1.50918e-22	1.00000e+01	1.16520e+01	1.75850e-20	1.57490e-22	C  3 977.0	0.4612475	H  1	0.8494829 
5.01187e+04	2.64835e-22	1.00000e+01	1.16627e+01	3.08870e-20	1.35640e-22	C  3 977.0	0.5128005	H  1	0.8095078 
6.30957e+04	4.52779e-22	1.00000e+01	1.18250e+01	5.35410e-20	1.17730e-22	C  3 977.0	0.4947385	H  1	0.7617944 
7.94328e+04	6.91607e-22	1.00000e+01	1.25430e+01	8.67480e-20	1.00230e-22	C  3 977.0	0.4405885	H  1	0.7443732 
1.00000e+05	7.83106e-22	1.00000e+01	1.30978e+01	1.02570e-19	7.49040e-23	C  3 977.0	0.3382449	H  1	0.7944559 
1.25893e+05	5.69732e-22	1.00000e+01	1.32434e+01	7.54520e-20	5.00350e-23	N  4 765.0	0.2240028	H  1	0.8992447 
1.58489e+05	4.33923e-22	1.00000e+01	1.32770e+01	5.76120e-20	3.51390e-23	N  4 765.0	0.3580324	H  1	0.9449806 
1.99526e+05	2.97608e-22	1.00000e+01	1.32923e+01	3.95590e-20	2.68440e-23	N  4 765.0	0.2113563	H  1	0.9410324 
2.51189e+05	1.92661e-22	1.00000e+01	1.32954e+01	2.56150e-20	2.26190e-23	O  5 630.0	0.3154918	H  1	0.8684987 
3.16228e+05	1.14311e-22	1.00000e+01	1.33015e+01	1.52050e-20	1.52310e-23	O  5 630.0	0.2394467	H  1	0.9063726 
3.98107e+05	6.44575e-23	1.00000e+01	1.33015e+01	8.57380e-21	1.06180e-23	Ne 6 400.0	0.1539756	H  1	0.9287754 
5.01187e+05	4.99599e-23	1.00000e+01	1.33015e+01	6.64540e-21	7.89250e-24	Ne 6 400.0	0.1604874	H  1	0.9161964 
6.30957e+05	3.76510e-23	1.00000e+01	1.33045e+01	5.00930e-21	6.09500e-24	Ne 7 464.9	0.1270460	H  1	0.8742251 
7.94328e+05	3.04796e-23	1.00000e+01	1.33076e+01	4.05610e-21	4.95720e-24	FF c 0.0	0.0988281	H  1	0.8008813 
1.00000e+06	2.93133e-23	1.00000e+01	1.33107e+01	3.90180e-21	4.18710e-24	FF c 0.0	0.1146965	H  1	0.7136201 
1.25893e+06	2.88012e-23	1.00000e+01	1.33168e+01	3.83540e-21	3.66120e-24	FF c 0.0	0.1310576	H  1	0.6195510 
1.58489e+06	2.67825e-23	1.00000e+01	1.33199e+01	3.56740e-21	2.96200e-24	FF c 0.0	0.1573770	H  1	0.5859801 
1.99526e+06	2.28516e-23	1.00000e+01	1.33229e+01	3.04450e-21	2.43760e-24	FF c 0.0	0.2059007	H  1	0.5471439 
2.51189e+06	1.94072e-23	1.00000e+01	1.33260e+01	2.58620e-21	2.31600e-24	FF c 0.0	0.2705258	H  1	0.4459535 
3.16228e+06	1.63327e-23	1.00000e+01	1.33291e+01	2.17700e-21	2.08440e-24	FF c 0.0	0.3566146	H  1	0.3846292 
3.98107e+06	1.43266e-23	1.00000e+01	1.33291e+01	1.90960e-21	1.83730e-24	FF c 0.0	0.4538017	H  1	0.3392430 
5.01187e+06	1.32905e-23	1.00000e+01	1.33291e+01	1.77150e-21	1.46480e-24	FF c 0.0	0.5433135	H  1	0.3268085 
6.30957e+06	1.29791e-23	1.00000e+01	1.33291e+01	1.73000e-21	1.23610e-24	FF c 0.0	0.6184450	H  1	0.2976464 
7.94328e+06	1.31525e-23	1.00000e+01	1.33291e+01	1.75310e-21	1.11040e-24	FF c 0.0	0.6792677	H  1	0.2548798 
1.00000e+07	1.35305e-23	1.00000e+01	1.33321e+01	1.80390e-21	1.11490e-24	FF c 0.0	0.7316513	CR H	0.2190549 
1.25893e+07	1.40263e-23	1.00000e+01	1.33321e+01	1.87000e-21	1.05280e-24	FF c 0.0	0.7876794	CR H	0.2319870 
1.58489e+07	1.46016e-23	1.00000e+01	1.33321e+01	1.94670e-21	1.04280e-24	FF c 0.0	0.8410951	CR H	0.2342063 
1.99526e+07	1.55136e-23	1.00000e+01	1.33321e+01	2.06830e-21	1.03960e-24	FF c 0.0	0.8811888	CR H	0.2349272 
2.51189e+07	1.67370e-23	1.00000e+01	1.33321e+01	2.23140e-21	1.17330e-24	FF c 0.0	0.9106206	CR H	0.2081654 
3.16228e+07	1.81711e-23	1.00000e+01	1.33321e+01	2.42260e-21	1.28250e-24	FF c 0.0	0.9315866	Comp	0.2265592 
3.98107e+07	1.99840e-23	1.00000e+01	1.33321e+01	2.66430e-21	1.46870e-24	FF c 0.0	0.9470966	Comp	0.3400054 
5.01187e+07	2.20137e-23	1.00000e+01	1.33321e+01	2.93490e-21	1.81480e-24	FF c 0.0	0.9579051	Comp	0.4709126 
6.30957e+07	2.43659e-23	1.00000e+01	1.33321e+01	3.24850e-21	2.42850e-24	FF c 0.0	0.9654834	Comp	0.6023174 
7.94328e+07	2.70804e-23	1.00000e+01	1.33321e+01	3.61040e-21	3.47650e-24	FF c 0.0	0.9706472	Comp	0.7184212 
1.00000e+08	3.00604e-23	1.00000e+01	1.33321e+01	4.00770e-21	5.19140e-24	FF c 0.0	0.9735416	Comp	0.8105707 
1.25893e+08	3.36585e-23	1.00000e+01	1.33321e+01	4.48740e-21	8.06170e-24	FF c 0.0	0.9741290	Comp	0.8790290 
1.58489e+08	3.76699e-23	1.00000e+01	1.33321e+01	5.02220e-21	1.26610e-23	FF c 0.0	0.9717910	Comp	0.9253451 
1.99526e+08	4.23540e-23	1.00000e+01	1.33321e+01	5.64670e-21	2.00000e-23	FF c 0.0	0.9661463	Comp	0.9550605 
2.51189e+08	4.77380e-23	1.00000e+01	1.33321e+01	6.36450e-21	2.83760e-23	FF c 0.0	0.9595516	Comp	0.9719278 
3.16228e+08	5.37618e-23	1.00000e+01	1.33321e+01	7.16760e-21	3.95040e-23	FF c 0.0	0.9504142	Comp	0.9822816 
3.98107e+08	6.11305e-23	1.00000e+01	1.33321e+01	8.15000e-21	5.57900e-23	FF c 0.0	0.9378635	Comp	0.9888794 
5.01187e+08	6.96107e-23	1.00000e+01	1.33321e+01	9.28060e-21	7.85380e-23	FF c 0.0	0.9210197	Comp	0.9929574 
6.30957e+08	7.98146e-23	1.00000e+01	1.33321e+01	1.06410e-20	1.10700e-22	FF c 0.0	0.8991636	Comp	0.9955112 
7.94328e+08	9.18532e-23	1.00000e+01	1.33321e+01	1.22460e-20	1.47690e-22	FF c 0.0	0.8757680	Comp	0.9970035 
1.00000e+09	1.05737e-22	1.00000e+01	1.33321e+01	1.40970e-20	1.89300e-22	FF c 0.0	0.8496852	Comp	0.9979089 
