# Temperature	Lambda (erg cm3/s)	Np	Ne	L (erg/cm3/s)	H (erg/cm3/s)	Top Cooler	Cfrac	Top Heater	Hfrac
1.00000e+02	2.75544e-25	9.60948e+01	1.11815e+02	3.08100e-21	7.94380e-19	ISrcolH H  0.0	0.3091839	H  1	0.9102651 
1.25893e+02	3.45454e-25	9.65828e+01	1.12409e+02	3.88320e-21	6.95380e-19	ISrcolH H  0.0	0.2804077	H  1	0.9111905 
1.58489e+02	4.36079e-25	9.70063e+01	1.12902e+02	4.92340e-21	6.07660e-19	ISrcolH H  0.0	0.2504889	H  1	0.9119700 
1.99526e+02	5.46086e-25	9.73868e+01	1.13370e+02	6.19100e-21	5.30130e-19	ISrcolH H  0.0	0.2228200	H  1	0.9126140 
2.51189e+02	6.72189e-25	9.77237e+01	1.13763e+02	7.64700e-21	4.61760e-19	N  3 572100.0	0.2444662	H  1	0.9131182 
3.16228e+02	8.09868e-25	9.80167e+01	1.14104e+02	9.24090e-21	4.01600e-19	N  3 572100.0	0.2656526	H  1	0.9135051 
3.98107e+02	9.54295e-25	9.82879e+01	1.14419e+02	1.09190e-20	3.48770e-19	N  3 572100.0	0.2800093	H  1	0.9137687 
5.01187e+02	1.09990e-24	9.85145e+01	1.14683e+02	1.26140e-20	3.02470e-19	N  3 572100.0	0.2892246	H  1	0.9138806 
6.30957e+02	1.24076e-24	9.87188e+01	1.14921e+02	1.42590e-20	2.61970e-19	N  3 572100.0	0.2948413	H  1	0.9138048 
7.94328e+02	1.37033e-24	9.88781e+01	1.15133e+02	1.57770e-20	2.26610e-19	N  3 572100.0	0.2981001	H  1	0.9135230 
1.00000e+03	1.48354e-24	9.90376e+01	1.15319e+02	1.71080e-20	1.95770e-19	N  3 572100.0	0.3000977	H  1	0.9130658 
1.25893e+03	1.57779e-24	9.91745e+01	1.15478e+02	1.82200e-20	1.68900e-19	N  3 572100.0	0.3012711	H  1	0.9124987 
1.58489e+03	1.65209e-24	9.92887e+01	1.15611e+02	1.91000e-20	1.45500e-19	N  3 572100.0	0.3021696	H  1	0.9119040 
1.99526e+03	1.70899e-24	9.93802e+01	1.15718e+02	1.97760e-20	1.25160e-19	N  3 572100.0	0.3029776	H  1	0.9113677 
2.51189e+03	1.75300e-24	9.94718e+01	1.15824e+02	2.03040e-20	1.07480e-19	N  3 572100.0	0.3021299	H  1	0.9109291 
3.16228e+03	1.79771e-24	9.95405e+01	1.15931e+02	2.08410e-20	9.21380e-20	N  3 572100.0	0.2976591	H  1	0.9106145 
3.98107e+03	1.87094e-24	9.96093e+01	1.16011e+02	2.17050e-20	7.88490e-20	N  3 572100.0	0.2858898	H  1	0.9104142 
5.01187e+03	2.02068e-24	9.96782e+01	1.16065e+02	2.34530e-20	6.73700e-20	N  3 572100.0	0.2622860	H  1	0.9100796 
6.30957e+03	2.28035e-24	9.97241e+01	1.16118e+02	2.64790e-20	5.74790e-20	N  3 572100.0	0.2286811	H  1	0.9093987 
7.94328e+03	2.76229e-24	9.97700e+01	1.16172e+02	3.20900e-20	4.89570e-20	N  3 572100.0	0.1847693	H  1	0.9085338 
1.00000e+04	3.72579e-24	9.97930e+01	1.16225e+02	4.33030e-20	4.16220e-20	O  3 5007.0	0.1491605	H  1	0.9074546 
1.25893e+04	5.91664e-24	9.98389e+01	1.16252e+02	6.87820e-20	3.53170e-20	C  3 1910.0	0.2449419	H  1	0.9061322 
1.58489e+04	1.10709e-23	9.98619e+01	1.16305e+02	1.28760e-19	2.98770e-20	C  3 1910.0	0.3912328	H  1	0.9042147 
1.99526e+04	2.27779e-23	9.98849e+01	1.16332e+02	2.64980e-19	2.50250e-20	C  3 1910.0	0.4390439	H  1	0.8999448 
2.51189e+04	4.72916e-23	9.99079e+01	1.16359e+02	5.50280e-19	2.01070e-20	C  3 1910.0	0.3951054	H  1	0.8872237 
3.16228e+04	9.21160e-23	9.99309e+01	1.16386e+02	1.07210e-18	1.44050e-20	C  3 1910.0	0.3188550	H  1	0.8502107 
3.98107e+04	1.63367e-22	9.99540e+01	1.16413e+02	1.90180e-18	8.84080e-21	C  3 977.0	0.3912841	H  1	0.7622786 
5.01187e+04	2.74062e-22	9.99770e+01	1.16547e+02	3.19410e-18	5.07900e-21	C  3 977.0	0.4516194	H  1	0.6234018 
6.30957e+04	4.59604e-22	1.00000e+02	1.18195e+02	5.43230e-18	2.92710e-21	C  3 977.0	0.4566278	H  1	0.5059628 
7.94328e+04	6.98274e-22	1.00000e+02	1.25401e+02	8.75640e-18	1.56930e-21	C  3 977.0	0.4234806	H  1	0.5070230 
1.00000e+05	7.91228e-22	1.00000e+02	1.30948e+02	1.03610e-17	8.37290e-22	C  3 977.0	0.3322255	H  1	0.6241234 
1.25893e+05	5.75343e-22	1.00000e+02	1.32434e+02	7.61950e-18	6.63680e-22	N  4 765.0	0.2219612	H  1	0.7998751 
1.58489e+05	4.36040e-22	1.00000e+02	1.32770e+02	5.78930e-18	8.79580e-22	N  4 765.0	0.3571003	H  1	0.8875706 
1.99526e+05	2.99015e-22	1.00000e+02	1.32923e+02	3.97460e-18	9.67750e-22	N  4 765.0	0.2111073	H  1	0.8728418 
2.51189e+05	1.93579e-22	1.00000e+02	1.32954e+02	2.57370e-18	9.82030e-22	O  5 630.0	0.3140967	H  1	0.7230034 
3.16228e+05	1.15047e-22	1.00000e+02	1.33015e+02	1.53030e-18	3.59820e-22	O  5 630.0	0.2383449	H  1	0.6675638 
3.98107e+05	6.49281e-23	1.00000e+02	1.33015e+02	8.63640e-19	1.30980e-22	Ne 6 400.0	0.1528582	H  1	0.5927859 
5.01187e+05	5.02621e-23	1.00000e+02	1.33015e+02	6.68560e-19	8.93650e-23	Ne 6 400.0	0.1595385	H  1	0.5067053 
6.30957e+05	3.78600e-23	1.00000e+02	1.33045e+02	5.03710e-19	8.05810e-23	Ne 7 464.9	0.1264061	He 2	0.3231067 
7.94328e+05	3.06261e-23	1.00000e+02	1.33076e+02	4.07560e-19	9.16830e-23	FF c 0.0	0.0983552	He 2	0.2615301 
1.00000e+06	2.94192e-23	1.00000e+02	1.33107e+02	3.91590e-19	1.07700e-22	FF c 0.0	0.1142842	C  5	0.1800940 
1.25893e+06	2.88793e-23	1.00000e+02	1.33168e+02	3.84580e-19	1.24730e-22	FF c 0.0	0.1307020	C  5	0.2185937 
1.58489e+06	2.68419e-23	1.00000e+02	1.33199e+02	3.57530e-19	1.06870e-22	FF c 0.0	0.1570323	C  5	0.1800408 
1.99526e+06	2.28951e-23	1.00000e+02	1.33229e+02	3.05030e-19	9.35590e-23	FF c 0.0	0.2055033	C  6	0.2556649 
2.51189e+06	1.94402e-23	1.00000e+02	1.33260e+02	2.59060e-19	1.11490e-22	FF c 0.0	0.2700650	C  6	0.3544405 
3.16228e+06	1.63575e-23	1.00000e+02	1.33291e+02	2.18030e-19	1.11320e-22	FF c 0.0	0.3560735	C  6	0.4419451 
3.98107e+06	1.43446e-23	1.00000e+02	1.33291e+02	1.91200e-19	1.04210e-22	FF c 0.0	0.4532238	C  6	0.4691055 
5.01187e+06	1.33040e-23	1.00000e+02	1.33291e+02	1.77330e-19	8.00850e-23	FF c 0.0	0.5427664	C  6	0.4242850 
6.30957e+06	1.29889e-23	1.00000e+02	1.33291e+02	1.73130e-19	6.74660e-23	FF c 0.0	0.6179924	C  6	0.3553165 
7.94328e+06	1.31592e-23	1.00000e+02	1.33291e+02	1.75400e-19	6.29160e-23	FF c 0.0	0.6789411	C  6	0.2916997 
1.00000e+07	1.35342e-23	1.00000e+02	1.33321e+02	1.80440e-19	6.96780e-23	FF c 0.0	0.7314536	C  6	0.2306045 
1.25893e+07	1.40278e-23	1.00000e+02	1.33321e+02	1.87020e-19	6.82640e-23	FF c 0.0	0.7875973	C  6	0.1843582 
1.58489e+07	1.46008e-23	1.00000e+02	1.33321e+02	1.94660e-19	7.10180e-23	FF c 0.0	0.8411258	C  6	0.1591166 
1.99526e+07	1.55114e-23	1.00000e+02	1.33321e+02	2.06800e-19	7.35180e-23	FF c 0.0	0.8813255	C  6	0.1450784 
2.51189e+07	1.67332e-23	1.00000e+02	1.33321e+02	2.23090e-19	8.91270e-23	FF c 0.0	0.9108534	Comp	0.1826933 
3.16228e+07	1.81651e-23	1.00000e+02	1.33321e+02	2.42180e-19	1.01280e-22	FF c 0.0	0.9318937	Comp	0.2840928 
3.98107e+07	1.99765e-23	1.00000e+02	1.33321e+02	2.66330e-19	1.21010e-22	FF c 0.0	0.9474826	Comp	0.4095391 
5.01187e+07	2.20032e-23	1.00000e+02	1.33321e+02	2.93350e-19	1.56350e-22	FF c 0.0	0.9583652	Comp	0.5431014 
6.30957e+07	2.43524e-23	1.00000e+02	1.33321e+02	3.24670e-19	2.18100e-22	FF c 0.0	0.9660133	Comp	0.6668336 
7.94328e+07	2.70639e-23	1.00000e+02	1.33321e+02	3.60820e-19	3.22890e-22	FF c 0.0	0.9712430	Comp	0.7693802 
1.00000e+08	3.00402e-23	1.00000e+02	1.33321e+02	4.00500e-19	4.93920e-22	FF c 0.0	0.9742016	Comp	0.8475935 
1.25893e+08	3.36337e-23	1.00000e+02	1.33321e+02	4.48410e-19	7.79860e-22	FF c 0.0	0.9748451	Comp	0.9041757 
1.58489e+08	3.76406e-23	1.00000e+02	1.33321e+02	5.01830e-19	1.23790e-21	FF c 0.0	0.9725577	Comp	0.9418910 
1.99526e+08	4.23188e-23	1.00000e+02	1.33321e+02	5.64200e-19	1.96880e-21	FF c 0.0	0.9669517	Comp	0.9657407 
2.51189e+08	4.76983e-23	1.00000e+02	1.33321e+02	6.35920e-19	2.81170e-21	FF c 0.0	0.9603454	Comp	0.9795620 
3.16228e+08	5.37130e-23	1.00000e+02	1.33321e+02	7.16110e-19	3.92210e-21	FF c 0.0	0.9512776	Comp	0.9877997 
3.98107e+08	6.10704e-23	1.00000e+02	1.33321e+02	8.14200e-19	5.54670e-21	FF c 0.0	0.9387875	Comp	0.9928005 
5.01187e+08	6.95312e-23	1.00000e+02	1.33321e+02	9.27000e-19	7.80380e-21	FF c 0.0	0.9220785	Comp	0.9957457 
6.30957e+08	7.92896e-23	1.00000e+02	1.33321e+02	1.05710e-18	1.02070e-20	FF c 0.0	0.9051744	Comp	0.9974222 
7.94328e+08	9.09306e-23	1.00000e+02	1.33321e+02	1.21230e-18	1.32650e-20	FF c 0.0	0.8846123	Comp	0.9984290 
1.00000e+09	1.04514e-22	1.00000e+02	1.33321e+02	1.39340e-18	1.69960e-20	FF c 0.0	0.8596228	Comp	0.9990291 
