20060612
1
1
age
1
1588
lambda
1.0
F_lambda
1.0
1.0
5.000000e+00 5.306190e+00 5.612379e+00 5.918570e+00 6.224760e+00
6.837139e+00 7.449518e+00 8.061898e+00 8.674277e+00 9.286657e+00
9.899038e+00 1.051141e+01 1.112380e+01 1.173619e+01 1.234855e+01
1.357332e+01 1.479807e+01 1.602282e+01 1.724757e+01 1.847234e+01
1.969713e+01 2.092189e+01 2.214665e+01 2.337141e+01 2.459614e+01
2.460107e+01 2.554059e+01 2.554571e+01 2.609781e+01 2.610303e+01
2.717935e+01 2.718473e+01 2.746199e+01 2.746749e+01 2.773256e+01
2.773812e+01 2.923695e+01 2.924280e+01 2.927973e+01 2.928559e+01
3.058159e+01 3.058771e+01 3.182812e+01 3.183450e+01 3.274553e+01
3.275209e+01 3.458685e+01 3.459378e+01 3.481401e+01 3.482098e+01
3.502757e+01 3.503459e+01 3.521721e+01 3.522427e+01 3.699082e+01
3.699823e+01 3.767923e+01 3.768678e+01 3.776000e+01 3.776757e+01
3.856461e+01 3.857234e+01 3.868388e+01 3.869163e+01 4.000166e+01
4.000967e+01 4.024825e+01 4.025631e+01 4.296353e+01 4.297214e+01
4.403125e+01 4.404007e+01 4.434953e+01 4.435841e+01 4.498524e+01
4.499425e+01 4.655475e+01 4.656408e+01 4.710500e+01 4.711444e+01
4.714678e+01 4.715622e+01 4.827652e+01 4.828620e+01 4.889912e+01
4.890891e+01 4.899740e+01 4.900721e+01 4.919478e+01 4.920463e+01
5.124317e+01 5.125344e+01 5.186161e+01 5.187200e+01 5.214744e+01
5.215789e+01 5.218864e+01 5.219910e+01 5.242471e+01 5.243521e+01
5.269932e+01 5.270988e+01 5.312452e+01 5.313516e+01 5.384607e+01
5.385686e+01 5.392101e+01 5.393181e+01 5.398760e+01 5.399841e+01
5.435218e+01 5.436307e+01 5.582658e+01 5.583789e+01 5.595089e+01
5.596210e+01 5.675080e+01 5.676204e+01 5.714497e+01 5.715642e+01
5.793046e+01 5.794207e+01 5.801002e+01 5.802164e+01 5.833873e+01
5.835042e+01 5.868201e+01 5.869377e+01 5.971907e+01 5.973103e+01
6.043451e+01 6.044662e+01 6.052656e+01 6.053869e+01 6.115177e+01
6.116388e+01 6.139896e+01 6.141126e+01 6.157040e+01 6.158274e+01
6.197920e+01 6.199162e+01 6.320697e+01 6.321949e+01 6.452203e+01
6.453495e+01 6.458683e+01 6.459977e+01 6.516914e+01 6.518220e+01
6.835133e+01 6.836503e+01 6.900920e+01 6.902303e+01 6.924908e+01
6.926295e+01 6.961503e+01 6.962897e+01 6.984334e+01 6.985733e+01
7.198881e+01 7.200323e+01 7.417081e+01 7.418567e+01 7.435428e+01
7.436918e+01 7.448555e+01 7.450030e+01 7.471779e+01 7.473276e+01
7.600305e+01 7.601827e+01 7.715570e+01 7.717115e+01 7.925068e+01
7.926656e+01 8.050466e+01 8.052078e+01 8.159377e+01 8.161012e+01
8.170093e+01 8.171711e+01 8.202665e+01 8.204309e+01 8.399201e+01
8.400884e+01 8.430552e+01 8.432241e+01 8.447127e+01 8.448819e+01
8.449792e+01 8.451465e+01 8.461766e+01 8.463461e+01 8.526504e+01
8.528212e+01 8.587624e+01 8.589344e+01 8.649341e+01 8.651073e+01
8.670637e+01 8.672374e+01 8.725232e+01 8.726980e+01 9.030192e+01
9.032001e+01 9.117064e+01 9.118890e+01 9.194857e+01 9.196700e+01
9.423777e+01 9.425665e+01 9.427293e+01 9.429182e+01 9.488378e+01
9.490279e+01 9.867611e+01 9.869587e+01 9.920921e+01 9.922909e+01
9.952656e+01 9.954650e+01 1.000419e+02 1.000617e+02 1.017234e+02
1.017438e+02 1.021175e+02 1.021379e+02 1.021767e+02 1.021972e+02
1.022217e+02 1.040811e+02 1.041020e+02 1.062848e+02 1.063061e+02
1.066861e+02 1.067075e+02 1.108996e+02 1.150914e+02 1.151145e+02
1.167089e+02 1.167323e+02 1.170413e+02 1.170647e+02 1.191815e+02
1.192054e+02 1.221594e+02 1.251135e+02 1.251385e+02 1.259778e+02
1.260027e+02 1.263336e+02 1.263587e+02 1.266438e+02 1.266692e+02
1.272152e+02 1.272407e+02 1.276736e+02 1.276989e+02 1.292731e+02
1.292990e+02 1.294020e+02 1.294279e+02 1.333343e+02 1.333610e+02
1.339593e+02 1.339862e+02 1.341708e+02 1.341977e+02 1.355146e+02
1.355417e+02 1.372417e+02 1.372692e+02 1.385001e+02 1.385278e+02
1.385677e+02 1.385955e+02 1.410493e+02 1.410776e+02 1.426415e+02
1.426701e+02 1.434300e+02 1.434587e+02 1.434918e+02 1.441983e+02
1.442271e+02 1.473751e+02 1.505234e+02 1.505532e+02 1.519606e+02
1.519910e+02 1.528263e+02 1.528569e+02 1.543281e+02 1.543590e+02
1.555647e+02 1.555955e+02 1.600184e+02 1.600505e+02 1.634376e+02
1.634704e+02 1.651342e+02 1.651673e+02 1.652076e+02 1.653160e+02
1.653492e+02 1.654581e+02 1.654912e+02 1.680363e+02 1.705811e+02
1.706153e+02 1.716702e+02 1.717042e+02 1.736269e+02 1.736617e+02
1.759321e+02 1.759673e+02 1.781234e+02 1.781591e+02 1.786771e+02
1.787129e+02 1.793478e+02 1.793833e+02 1.807911e+02 1.821986e+02
1.822351e+02 1.835845e+02 1.849337e+02 1.849707e+02 1.864189e+02
1.864563e+02 1.869080e+02 1.869455e+02 1.887200e+02 1.887578e+02
1.898296e+02 1.909014e+02 1.909396e+02 1.922224e+02 1.922609e+02
1.926553e+02 1.926939e+02 1.933250e+02 1.933637e+02 1.935468e+02
1.935856e+02 1.947417e+02 1.958985e+02 1.970543e+02 1.982111e+02
1.982504e+02 1.986013e+02 1.986410e+02 1.995653e+02 2.004897e+02
2.014142e+02 2.023383e+02 2.023788e+02 2.033612e+02 2.038525e+02
2.043436e+02 2.048349e+02 2.053260e+02 2.058174e+02 2.063084e+02
2.063498e+02 2.068221e+02 2.068636e+02 2.073061e+02 2.077485e+02
2.081915e+02 2.086340e+02 2.090764e+02 2.095193e+02 2.099617e+02
2.104045e+02 2.104462e+02 2.110061e+02 2.115656e+02 2.121251e+02
2.126846e+02 2.127272e+02 2.132058e+02 2.136845e+02 2.141633e+02
2.146417e+02 2.146847e+02 2.153282e+02 2.153714e+02 2.158674e+02
2.163635e+02 2.168598e+02 2.173557e+02 2.178517e+02 2.183479e+02
2.188442e+02 2.193401e+02 2.193840e+02 2.194234e+02 2.194674e+02
2.195189e+02 2.199480e+02 2.203769e+02 2.208061e+02 2.212346e+02
2.212789e+02 2.216261e+02 2.219734e+02 2.223202e+02 2.226676e+02
2.230144e+02 2.233619e+02 2.237088e+02 2.240557e+02 2.241006e+02
2.245593e+02 2.250179e+02 2.252470e+02 2.254764e+02 2.257054e+02
2.259347e+02 2.259800e+02 2.262007e+02 2.264212e+02 2.266418e+02
2.268621e+02 2.269076e+02 2.271344e+02 2.273615e+02 2.275878e+02
2.278148e+02 2.278605e+02 2.306407e+02 2.306869e+02 2.380685e+02
2.381162e+02 2.406584e+02 2.407066e+02 2.407543e+02 2.408020e+02
2.424767e+02 2.425253e+02 2.438518e+02 2.439007e+02 2.492384e+02
2.545769e+02 2.546273e+02 2.566522e+02 2.567030e+02 2.570200e+02
2.570715e+02 2.579295e+02 2.579812e+02 2.586890e+02 2.587408e+02
2.588797e+02 2.589316e+02 2.613533e+02 2.614057e+02 2.614857e+02
2.615381e+02 2.627514e+02 2.628040e+02 2.655266e+02 2.655798e+02
2.690983e+02 2.691522e+02 2.704874e+02 2.705416e+02 2.713401e+02
2.713945e+02 2.721210e+02 2.721755e+02 2.723843e+02 2.724388e+02
2.726277e+02 2.726823e+02 2.742199e+02 2.742749e+02 2.774055e+02
2.774610e+02 2.805731e+02 2.806293e+02 2.814310e+02 2.814874e+02
2.824386e+02 2.824952e+02 2.857762e+02 2.858334e+02 2.864871e+02
2.865444e+02 2.891812e+02 2.892391e+02 2.926079e+02 2.926658e+02
2.930731e+02 2.931325e+02 2.963657e+02 2.964251e+02 2.995312e+02
2.995912e+02 2.996595e+02 2.997195e+02 2.999004e+02 2.999605e+02
3.044143e+02 3.044746e+02 3.046660e+02 3.047270e+02 3.048807e+02
3.049418e+02 3.070577e+02 3.091740e+02 3.112899e+02 3.134058e+02
3.134686e+02 3.162817e+02 3.190950e+02 3.191589e+02 3.192045e+02
3.192684e+02 3.207680e+02 3.208322e+02 3.225507e+02 3.242694e+02
3.259883e+02 3.277072e+02 3.277729e+02 3.278831e+02 3.279480e+02
3.279986e+02 3.280643e+02 3.288085e+02 3.288743e+02 3.295649e+02
3.296310e+02 3.324505e+02 3.352641e+02 3.380773e+02 3.408906e+02
3.409581e+02 3.435833e+02 3.462079e+02 3.462773e+02 3.492464e+02
3.522151e+02 3.522857e+02 3.526379e+02 3.527086e+02 3.557280e+02
3.557984e+02 3.587633e+02 3.617279e+02 3.618004e+02 3.621337e+02
3.622063e+02 3.643821e+02 3.644551e+02 3.665068e+02 3.685590e+02
3.706099e+02 3.726619e+02 3.727366e+02 3.728121e+02 3.728859e+02
3.756125e+02 3.783380e+02 3.810641e+02 3.837903e+02 3.865165e+02
3.892423e+02 3.919674e+02 3.946935e+02 3.947726e+02 3.959552e+02
3.960345e+02 3.999512e+02 4.038676e+02 4.039485e+02 4.047967e+02
4.048778e+02 4.087813e+02 4.126834e+02 4.127661e+02 4.165422e+02
4.166256e+02 4.176947e+02 4.177784e+02 4.187569e+02 4.188408e+02
4.221541e+02 4.222377e+02 4.229578e+02 4.230425e+02 4.236664e+02
4.237513e+02 4.267357e+02 4.297204e+02 4.298065e+02 4.301154e+02
4.302016e+02 4.334101e+02 4.366174e+02 4.398251e+02 4.430329e+02
4.431217e+02 4.451568e+02 4.452460e+02 4.470077e+02 4.487692e+02
4.488591e+02 4.505656e+02 4.506558e+02 4.527391e+02 4.528298e+02
4.537911e+02 4.538820e+02 4.568662e+02 4.569577e+02 4.588925e+02
4.589845e+02 4.600849e+02 4.601771e+02 4.618756e+02 4.635440e+02
4.652132e+02 4.668819e+02 4.685501e+02 4.702188e+02 4.718870e+02
4.735556e+02 4.736505e+02 4.749042e+02 4.761579e+02 4.762533e+02
4.778394e+02 4.794254e+02 4.810110e+02 4.825974e+02 4.826941e+02
4.839840e+02 4.852751e+02 4.853723e+02 4.858699e+02 4.859672e+02
4.870842e+02 4.882014e+02 4.882992e+02 4.890069e+02 4.897145e+02
4.904232e+02 4.911317e+02 4.918390e+02 4.925474e+02 4.932556e+02
4.939637e+02 4.946716e+02 4.953806e+02 4.960883e+02 4.967970e+02
4.975045e+02 4.982129e+02 4.989212e+02 4.996294e+02 4.997088e+02
4.998078e+02 5.001981e+02 5.002983e+02 5.012761e+02 5.017646e+02
5.022535e+02 5.027418e+02 5.032306e+02 5.037198e+02 5.042083e+02
5.043093e+02 5.085375e+02 5.086394e+02 5.109189e+02 5.110201e+02
5.120012e+02 5.121038e+02 5.155016e+02 5.156049e+02 5.183165e+02
5.210279e+02 5.237403e+02 5.264523e+02 5.265577e+02 5.269774e+02
5.270830e+02 5.310495e+02 5.350175e+02 5.351247e+02 5.370763e+02
5.371839e+02 5.408378e+02 5.444926e+02 5.446017e+02 5.458320e+02
5.459414e+02 5.499206e+02 5.500308e+02 5.529553e+02 5.558787e+02
5.588021e+02 5.617266e+02 5.646496e+02 5.675747e+02 5.704978e+02
5.734215e+02 5.735364e+02 5.741522e+02 5.742659e+02 5.764306e+02
5.765447e+02 5.795928e+02 5.826396e+02 5.827563e+02 5.831161e+02
5.832329e+02 5.866283e+02 5.900244e+02 5.934211e+02 5.968167e+02
5.969363e+02 5.991575e+02 5.992775e+02 6.033760e+02 6.074730e+02
6.115726e+02 6.156700e+02 6.157934e+02 6.195181e+02 6.196422e+02
6.251180e+02 6.252432e+02 6.286299e+02 6.320173e+02 6.354041e+02
6.387913e+02 6.421789e+02 6.455665e+02 6.489526e+02 6.523400e+02
6.524707e+02 6.542971e+02 6.544282e+02 6.596917e+02 6.649546e+02
6.702179e+02 6.754808e+02 6.756161e+02 6.794211e+02 6.832270e+02
6.870336e+02 6.908392e+02 6.909776e+02 6.962096e+02 7.014424e+02
7.015829e+02 7.019723e+02 7.021130e+02 7.029574e+02 7.030982e+02
7.084089e+02 7.085508e+02 7.097526e+02 7.098948e+02 7.100223e+02
7.101646e+02 7.105669e+02 7.107093e+02 7.128021e+02 7.129450e+02
7.189869e+02 7.191310e+02 7.244593e+02 7.297868e+02 7.299330e+02
7.361410e+02 7.362885e+02 7.400618e+02 7.438357e+02 7.439778e+02
7.441269e+02 7.488486e+02 7.535690e+02 7.537199e+02 7.581742e+02
7.626284e+02 7.627812e+02 7.632556e+02 7.634085e+02 7.702895e+02
7.704439e+02 7.750219e+02 7.751772e+02 7.797655e+02 7.799217e+02
7.828959e+02 7.830527e+02 7.835577e+02 7.837147e+02 7.854074e+02
7.855648e+02 7.884370e+02 7.885950e+02 7.902909e+02 7.904493e+02
7.954063e+02 7.955656e+02 7.995691e+02 8.035742e+02 8.037352e+02
8.092785e+02 8.094406e+02 8.099850e+02 8.101473e+02 8.129990e+02
8.131600e+02 8.191492e+02 8.251388e+02 8.253041e+02 8.256291e+02
8.257945e+02 8.263633e+02 8.265288e+02 8.308412e+02 8.351510e+02
8.353183e+02 8.414513e+02 8.416199e+02 8.432202e+02 8.433891e+02
8.463578e+02 8.465274e+02 8.471299e+02 8.472996e+02 8.485374e+02
8.487074e+02 8.494288e+02 8.495971e+02 8.502057e+02 8.503760e+02
8.516183e+02 8.517889e+02 8.524011e+02 8.525719e+02 8.530274e+02
8.531983e+02 8.602922e+02 8.604646e+02 8.645836e+02 8.647568e+02
8.657889e+02 8.659623e+02 8.661877e+02 8.696250e+02 8.697972e+02
8.741944e+02 8.785915e+02 8.787675e+02 8.815887e+02 8.817653e+02
8.836352e+02 8.838122e+02 8.844779e+02 8.846551e+02 8.892748e+02
8.938960e+02 8.940751e+02 8.989799e+02 8.991600e+02 9.031066e+02
9.032875e+02 9.039866e+02 9.041677e+02 9.070266e+02 9.071999e+02
9.073817e+02 9.103240e+02 9.104770e+02 9.106595e+02 9.110034e+02
9.111188e+02 9.112594e+02 9.114419e+02 9.134694e+02 9.136524e+02
9.143701e+02 9.145533e+02 9.232472e+02 9.234322e+02 9.315947e+02
9.317813e+02 9.387134e+02 9.456447e+02 9.458342e+02 9.466098e+02
9.467995e+02 9.535665e+02 9.603355e+02 9.605257e+02 9.613289e+02
9.615215e+02 9.683537e+02 9.751850e+02 9.820170e+02 9.888490e+02
9.956828e+02 1.002513e+03 1.009346e+03 1.016178e+03 1.023010e+03
1.029843e+03 1.036674e+03 1.043506e+03 1.050338e+03 1.057170e+03
1.064003e+03 1.070836e+03 1.077668e+03 1.084499e+03 1.091332e+03
1.098163e+03 1.104994e+03 1.111829e+03 1.118660e+03 1.125491e+03
1.132325e+03 1.139155e+03 1.145988e+03 1.152821e+03 1.159653e+03
1.166485e+03 1.173316e+03 1.180149e+03 1.180386e+03 1.191557e+03
1.202732e+03 1.213906e+03 1.225079e+03 1.225324e+03 1.235518e+03
1.235765e+03 1.247300e+03 1.258836e+03 1.259088e+03 1.267868e+03
1.276650e+03 1.285432e+03 1.294211e+03 1.294470e+03 1.302228e+03
1.302489e+03 1.309116e+03 1.309378e+03 1.312874e+03 1.313137e+03
1.324863e+03 1.336586e+03 1.336854e+03 1.341798e+03 1.342066e+03
1.355183e+03 1.368302e+03 1.368576e+03 1.381030e+03 1.393481e+03
1.393760e+03 1.402032e+03 1.402313e+03 1.405384e+03 1.405666e+03
1.408410e+03 1.408692e+03 1.422552e+03 1.422837e+03 1.423577e+03
1.423751e+03 1.424036e+03 1.432432e+03 1.432719e+03 1.446832e+03
1.460942e+03 1.461235e+03 1.471062e+03 1.480887e+03 1.490713e+03
1.500541e+03 1.510365e+03 1.520194e+03 1.530020e+03 1.539845e+03
1.540153e+03 1.542901e+03 1.543210e+03 1.556768e+03 1.557080e+03
1.566336e+03 1.566650e+03 1.573678e+03 1.573994e+03 1.588016e+03
1.602042e+03 1.602363e+03 1.612000e+03 1.612323e+03 1.622389e+03
1.632454e+03 1.642521e+03 1.652586e+03 1.652917e+03 1.669222e+03
1.685528e+03 1.701833e+03 1.718138e+03 1.734443e+03 1.750749e+03
1.767051e+03 1.783356e+03 1.783713e+03 1.798668e+03 1.813619e+03
1.828572e+03 1.843525e+03 1.858476e+03 1.873428e+03 1.888378e+03
1.903334e+03 1.918284e+03 1.933237e+03 1.948189e+03 1.963143e+03
1.978094e+03 1.993045e+03 2.007997e+03 2.022949e+03 2.023355e+03
2.027155e+03 2.027561e+03 2.041033e+03 2.041442e+03 2.044674e+03
2.045079e+03 2.050336e+03 2.050747e+03 2.062875e+03 2.075004e+03
2.087132e+03 2.099264e+03 2.111393e+03 2.123523e+03 2.135655e+03
2.147781e+03 2.159912e+03 2.172046e+03 2.184173e+03 2.196302e+03
2.208432e+03 2.220562e+03 2.232693e+03 2.244822e+03 2.245272e+03
2.266559e+03 2.287847e+03 2.309133e+03 2.330419e+03 2.330886e+03
2.346216e+03 2.361549e+03 2.376879e+03 2.392208e+03 2.407543e+03
2.422869e+03 2.438198e+03 2.453534e+03 2.454025e+03 2.468687e+03
2.483356e+03 2.483854e+03 2.502742e+03 2.503243e+03 2.516836e+03
2.517341e+03 2.525969e+03 2.526475e+03 2.544808e+03 2.563144e+03
2.581481e+03 2.599812e+03 2.600333e+03 2.625343e+03 2.650349e+03
2.675359e+03 2.700362e+03 2.700903e+03 2.722100e+03 2.743298e+03
2.764496e+03 2.785698e+03 2.786256e+03 2.802302e+03 2.818350e+03
2.834406e+03 2.850454e+03 2.851025e+03 2.875802e+03 2.900581e+03
2.925358e+03 2.950143e+03 2.950734e+03 2.959232e+03 2.959825e+03
2.979202e+03 2.979799e+03 2.995181e+03 3.010565e+03 3.025945e+03
3.041326e+03 3.041935e+03 3.061674e+03 3.081407e+03 3.101144e+03
3.120879e+03 3.121505e+03 3.138817e+03 3.156124e+03 3.173438e+03
3.190752e+03 3.208064e+03 3.225373e+03 3.242687e+03 3.259995e+03
3.260649e+03 3.280673e+03 3.300700e+03 3.320726e+03 3.340758e+03
3.360779e+03 3.380804e+03 3.400831e+03 3.420858e+03 3.421543e+03
3.453496e+03 3.485443e+03 3.517394e+03 3.549343e+03 3.550054e+03
3.572235e+03 3.594405e+03 3.595125e+03 3.603529e+03 3.604251e+03
3.621146e+03 3.621871e+03 3.637902e+03 3.638631e+03 3.639310e+03
3.640039e+03 3.642235e+03 3.642965e+03 3.643754e+03 3.645037e+03
3.645768e+03 3.650001e+03 3.678587e+03 3.679324e+03 3.704009e+03
3.728688e+03 3.753375e+03 3.778053e+03 3.802734e+03 3.827419e+03
3.852104e+03 3.876779e+03 3.901468e+03 3.926142e+03 3.950827e+03
3.975511e+03 4.000194e+03 4.024871e+03 4.049552e+03 4.074234e+03
4.075051e+03 4.096321e+03 4.117580e+03 4.138853e+03 4.160112e+03
4.181374e+03 4.202648e+03 4.223913e+03 4.245179e+03 4.246020e+03
4.270001e+03 4.286393e+03 4.326752e+03 4.367119e+03 4.407487e+03
4.408370e+03 4.435749e+03 4.463135e+03 4.490524e+03 4.517914e+03
4.518820e+03 4.541622e+03 4.564414e+03 4.565328e+03 4.609088e+03
4.610011e+03 4.639445e+03 4.668872e+03 4.698292e+03 4.727723e+03
4.757152e+03 4.786587e+03 4.816006e+03 4.845438e+03 4.846408e+03
4.884971e+03 4.885939e+03 4.906039e+03 4.907022e+03 4.914270e+03
4.915254e+03 4.952358e+03 4.953338e+03 4.958668e+03 4.959661e+03
4.960415e+03 4.961409e+03 4.996904e+03 5.032410e+03 5.067900e+03
5.103405e+03 5.138898e+03 5.160004e+03 5.174400e+03 5.209907e+03
5.245405e+03 5.246456e+03 5.296488e+03 5.346518e+03 5.396547e+03
5.446581e+03 5.496611e+03 5.546640e+03 5.596661e+03 5.646691e+03
5.647822e+03 5.691372e+03 5.692513e+03 5.695371e+03 5.696512e+03
5.734123e+03 5.771730e+03 5.809343e+03 5.846945e+03 5.884547e+03
5.922158e+03 5.959763e+03 5.997372e+03 5.998574e+03 5.999997e+03
6.041726e+03 6.084880e+03 6.128018e+03 6.171177e+03 6.214326e+03
6.257473e+03 6.300630e+03 6.343778e+03 6.345049e+03 6.397481e+03
6.398763e+03 6.453793e+03 6.455086e+03 6.477046e+03 6.478344e+03
6.479135e+03 6.479895e+03 6.481194e+03 6.518595e+03 6.555986e+03
6.593378e+03 6.630771e+03 6.632099e+03 6.696302e+03 6.760503e+03
6.824707e+03 6.888902e+03 6.890282e+03 6.958153e+03 7.026030e+03
7.093899e+03 7.161764e+03 7.229645e+03 7.297515e+03 7.365394e+03
7.433254e+03 7.434744e+03 7.485572e+03 7.536384e+03 7.587191e+03
7.638006e+03 7.688825e+03 7.739644e+03 7.790458e+03 7.841281e+03
7.842852e+03 7.885732e+03 7.928609e+03 7.971499e+03 8.014381e+03
8.057272e+03 8.100168e+03 8.143048e+03 8.185929e+03 8.187570e+03
8.189794e+03 8.199153e+03 8.200796e+03 8.202987e+03 8.258763e+03
8.260418e+03 8.303095e+03 8.345762e+03 8.388417e+03 8.431095e+03
8.473757e+03 8.516438e+03 8.601773e+03 8.687104e+03 8.772452e+03
8.857782e+03 8.943139e+03 9.028467e+03 9.113811e+03 9.199156e+03
9.284489e+03 9.369836e+03 9.455163e+03 9.540497e+03 9.625848e+03
9.627777e+03 9.723710e+03 9.819672e+03 9.915623e+03 1.001157e+04
1.010751e+04 1.020345e+04 1.029940e+04 1.039535e+04 1.049129e+04
1.058725e+04 1.068319e+04 1.077914e+04 1.087509e+04 1.097105e+04
1.106698e+04 1.116292e+04 1.116516e+04 1.126448e+04 1.136303e+04
1.146157e+04 1.156011e+04 1.165867e+04 1.175720e+04 1.185578e+04
1.195430e+04 1.205286e+04 1.215139e+04 1.224994e+04 1.234849e+04
1.244704e+04 1.254559e+04 1.264413e+04 1.274269e+04 1.284124e+04
1.293978e+04 1.303833e+04 1.313687e+04 1.323543e+04 1.333399e+04
1.343254e+04 1.353107e+04 1.362963e+04 1.372818e+04 1.382671e+04
1.392525e+04 1.402381e+04 1.412235e+04 1.422090e+04 1.431944e+04
1.432231e+04 1.441717e+04 1.451199e+04 1.451490e+04 1.458015e+04
1.458307e+04 1.470402e+04 1.482494e+04 1.494586e+04 1.506680e+04
1.518777e+04 1.530869e+04 1.542961e+04 1.555056e+04 1.567148e+04
1.579243e+04 1.591336e+04 1.603430e+04 1.615522e+04 1.627616e+04
1.639710e+04 1.651806e+04 1.663899e+04 1.675992e+04 1.688084e+04
1.700176e+04 1.712273e+04 1.724364e+04 1.736461e+04 1.748554e+04
1.760646e+04 1.772740e+04 1.784835e+04 1.796925e+04 1.809018e+04
1.821113e+04 1.833209e+04 1.845300e+04 1.845670e+04 1.858476e+04
1.871281e+04 1.884087e+04 1.896894e+04 1.909699e+04 1.922503e+04
1.935312e+04 1.948117e+04 1.960921e+04 1.973727e+04 1.986534e+04
1.999337e+04 2.012144e+04 2.024949e+04 2.037755e+04 2.050562e+04
2.063365e+04 2.076170e+04 2.088979e+04 2.101784e+04 2.114589e+04
2.127394e+04 2.140198e+04 2.153005e+04 2.165813e+04 2.178618e+04
2.191422e+04 2.204225e+04 2.217032e+04 2.229842e+04 2.242642e+04
2.255449e+04 2.255901e+04 2.270252e+04 2.270706e+04 2.278148e+04
2.278605e+04 2.293544e+04 2.308479e+04 2.323416e+04 2.338353e+04
2.353288e+04 2.368220e+04 2.383159e+04 2.398093e+04 2.413032e+04
2.427968e+04 2.442902e+04 2.457837e+04 2.472777e+04 2.487711e+04
2.502649e+04 2.517584e+04 2.532521e+04 2.547458e+04 2.562395e+04
2.577330e+04 2.592263e+04 2.607198e+04 2.622135e+04 2.637072e+04
2.652009e+04 2.666945e+04 2.681878e+04 2.696814e+04 2.711752e+04
2.726691e+04 2.741625e+04 2.756563e+04 2.757116e+04 2.772765e+04
2.788412e+04 2.804058e+04 2.819707e+04 2.835359e+04 2.851012e+04
2.866659e+04 2.882305e+04 2.897957e+04 2.913607e+04 2.929254e+04
2.944903e+04 2.960554e+04 2.976206e+04 2.991851e+04 3.007503e+04
3.257894e+04 3.258547e+04 3.270469e+04 3.271124e+04 3.280537e+04
3.281195e+04 3.850073e+04 3.850845e+04 4.451322e+04 4.452214e+04
4.462189e+04 4.463083e+04 4.465170e+04 4.466065e+04 5.125839e+04
5.126866e+04 5.831134e+04 5.832060e+04 5.833229e+04 6.583851e+04
6.585170e+04 7.380640e+04 7.381625e+04 7.382679e+04 8.224112e+04
8.225759e+04 9.108545e+04 9.110370e+04 9.112594e+04 9.114419e+04
1.004664e+05 1.004866e+05 1.101504e+05 1.101722e+05 1.102625e+05
1.102846e+05 1.205141e+05 1.205383e+05 1.310898e+05 1.311158e+05
1.312215e+05 1.312478e+05 1.423843e+05 1.424128e+05 1.538877e+05
1.539182e+05 1.540029e+05 1.540338e+05 1.783118e+05 1.783471e+05
1.786204e+05 1.786562e+05 2.049982e+05 2.050392e+05 2.050898e+05
4.117456e+05 6.184007e+05 1.031713e+06 1.858335e+06 3.511584e+06
6.818063e+06 1.343105e+07 2.665704e+07 5.310898e+07 1.060127e+08
2.118205e+08 4.234362e+08 8.466677e+08
1.000000e-30 1.000000e-30 1.000000e-30 1.000000e-30 1.000000e-30
1.000000e-30 1.000000e-30 1.000000e-30 1.320079e-22 2.513738e-21
1.926549e-20 9.396368e-20 3.364496e-19 9.545309e-19 1.920216e-18
7.430876e-18 1.656609e-17 2.361566e-17 2.323432e-17 1.674557e-17
9.023811e-18 3.649808e-18 1.146120e-18 2.944828e-19 5.733634e-20
2.241713e-19 1.558583e-19 1.113166e-19 5.285304e-20 4.995972e-20
8.296215e-21 1.168692e-20 7.816818e-21 7.788431e-21 5.367845e-21
4.510244e-21 1.043110e-21 1.574164e-21 1.561960e-21 1.482859e-21
1.606571e-21 1.621399e-21 2.252268e-21 2.270440e-21 3.039695e-21
2.839292e-21 5.630021e-21 5.909762e-21 6.415492e-21 6.431911e-21
6.950083e-21 6.969634e-21 7.466035e-21 6.917354e-21 1.410068e-20
1.463693e-20 1.903400e-20 1.922206e-20 1.976606e-20 1.958845e-20
2.656379e-20 2.688066e-20 2.802851e-20 2.719819e-20 4.452050e-20
4.557640e-20 4.964780e-20 4.251577e-20 1.171008e-19 1.235947e-19
1.738161e-19 1.760597e-19 1.938653e-19 1.937046e-19 2.350282e-19
2.291184e-19 3.699219e-19 3.776765e-19 4.433329e-19 4.458205e-19
4.500803e-19 4.445187e-19 6.204546e-19 6.267149e-19 7.514152e-19
7.563451e-19 7.764080e-19 7.784308e-19 8.229814e-19 7.747293e-19
1.475808e-18 1.530136e-18 1.854385e-18 1.865434e-18 2.041268e-18
2.048425e-18 2.068664e-18 2.074006e-18 2.230540e-18 2.236763e-18
2.440450e-18 2.444218e-18 2.811318e-18 3.481449e-18 4.834594e-18
4.609884e-18 4.562260e-18 4.570461e-18 4.357024e-18 4.702080e-18
5.247591e-18 5.022385e-18 7.887148e-18 8.336044e-18 8.704022e-18
8.244608e-18 1.055845e-17 9.360952e-18 1.294434e-17 1.245776e-17
1.648580e-17 1.737361e-17 1.781271e-17 1.761408e-17 2.002673e-17
2.018227e-17 2.257044e-17 2.229872e-17 3.343798e-17 3.371320e-17
4.463854e-17 4.570145e-17 4.705329e-17 4.735327e-17 5.907041e-17
5.988941e-17 6.691755e-17 6.746368e-17 7.201119e-17 7.134606e-17
8.375100e-17 8.236069e-17 1.377939e-16 1.368548e-16 2.344931e-16
2.413015e-16 2.464166e-16 2.457706e-16 3.096849e-16 2.244192e-16
9.951533e-16 1.101387e-15 1.435655e-15 1.449339e-15 1.584163e-15
1.589974e-15 1.837300e-15 1.848843e-15 2.015905e-15 1.792132e-15
4.603626e-15 4.239357e-15 1.177389e-14 1.266368e-14 1.366029e-14
1.375656e-14 1.449573e-14 1.458646e-14 1.608718e-14 1.549887e-14
2.830936e-14 2.826962e-14 4.899480e-14 4.282822e-14 1.289021e-13
1.329107e-13 2.481990e-13 2.488743e-13 4.260691e-13 4.388438e-13
4.583529e-13 4.612007e-13 5.361916e-13 6.311898e-13 1.636138e-12
1.771454e-12 2.001013e-12 2.037230e-12 2.179114e-12 2.227101e-12
2.234395e-12 2.249521e-12 2.372958e-12 2.380948e-12 3.178484e-12
3.258592e-12 4.074178e-12 3.965062e-12 5.551623e-12 5.471167e-12
6.065128e-12 6.195837e-12 7.876985e-12 6.034482e-12 2.493044e-11
2.921326e-11 4.249032e-11 4.216868e-11 5.601831e-11 5.331016e-11
1.453005e-10 1.619377e-10 1.634060e-10 1.639419e-10 2.105562e-10
1.438971e-10 7.937084e-10 9.328783e-10 1.147754e-09 1.976392e-09
2.742206e-09 2.444050e-09 2.467471e-09 2.217635e-09 4.061383e-09
9.004031e-09 1.895226e-08 1.906597e-08 1.989093e-08 2.036990e-08
1.438772e-08 2.230006e-08 7.499391e-09 1.548617e-07 1.000000e-30
9.919711e-08 1.417784e-07 5.222940e-07 4.842025e-08 4.889045e-07
3.978304e-08 5.847739e-08 3.728645e-08 1.535829e-07 3.338705e-07
1.218145e-07 6.694791e-07 1.548574e-06 3.107506e-07 2.912091e-06
1.809614e-06 3.463530e-06 3.271568e-06 1.000000e-30 1.860480e-06
2.961277e-07 4.846018e-10 3.239157e-07 1.000000e-30 2.848013e-06
3.094333e-06 5.106096e-06 7.840902e-07 3.172715e-06 1.391759e-06
2.085581e-06 4.232257e-07 7.847711e-07 1.136980e-05 2.525207e-05
1.075494e-05 1.000000e-30 1.814425e-06 5.003870e-06 1.798639e-06
1.825076e-06 6.197136e-06 3.009463e-06 2.282102e-06 3.929905e-06
4.108554e-06 3.450667e-06 3.557132e-06 3.907680e-06 6.011627e-06
5.392560e-06 2.391223e-06 3.833920e-06 1.028734e-06 2.054660e-07
1.099130e-06 4.568641e-06 3.704461e-06 2.350250e-06 4.093285e-08
1.834598e-06 3.026384e-06 5.401657e-06 9.523136e-06 2.956167e-07
3.129154e-06 3.048639e-06 1.796143e-06 2.611776e-06 3.832199e-06
4.408654e-06 1.000000e-30 1.745601e-07 9.751019e-07 3.750689e-06
1.685994e-06 5.539965e-07 1.771707e-06 6.114332e-06 8.376527e-06
2.041155e-06 1.000000e-30 4.994603e-06 7.002966e-06 8.022505e-06
7.768175e-06 1.408212e-05 1.514496e-05 5.626263e-06 9.563415e-06
6.213381e-07 8.209354e-06 5.616865e-06 1.000000e-30 2.211679e-05
5.337108e-06 3.770283e-08 6.378991e-06 4.262604e-06 1.857120e-05
6.886888e-06 3.447363e-05 4.538632e-05 9.404615e-06 6.182242e-06
2.196873e-05 2.258557e-05 3.077386e-05 3.357376e-05 3.939517e-05
2.951481e-05 2.419452e-06 5.204212e-06 5.777687e-06 3.862611e-05
5.852009e-05 6.990045e-05 7.275888e-05 5.007477e-05 3.957492e-05
2.795098e-05 3.328013e-05 4.618309e-05 2.672557e-05 4.486782e-05
3.492947e-05 5.403050e-05 2.276533e-05 2.134951e-05 1.450771e-05
2.312139e-05 2.210446e-05 1.282487e-05 4.902685e-05 3.589195e-06
1.345764e-05 8.302579e-05 3.592039e-05 1.000000e-30 3.737223e-05
5.582336e-05 6.166362e-05 2.330306e-05 5.105532e-05 1.089851e-05
7.071638e-06 4.453977e-06 2.988326e-05 2.805776e-05 3.263428e-05
6.959660e-05 8.220363e-05 9.660509e-05 4.925644e-05 4.851220e-05
3.309421e-05 5.161263e-05 6.292801e-05 7.523778e-06 4.825652e-05
2.704911e-05 6.428860e-05 6.903765e-05 7.149588e-05 7.258318e-05
7.597453e-05 7.420531e-05 5.318020e-05 4.378295e-05 4.464615e-05
4.777448e-05 7.398931e-05 4.845694e-05 6.026928e-05 4.285041e-05
5.860464e-05 5.686840e-05 1.955523e-05 4.694140e-05 4.583751e-05
1.529991e-05 3.432749e-05 6.198406e-05 7.660868e-05 9.240937e-05
2.401314e-05 4.144623e-05 6.067978e-05 8.397596e-05 6.007074e-05
7.585950e-05 7.980094e-05 8.388822e-05 6.773950e-05 1.199825e-04
1.155013e-04 1.044638e-04 1.008702e-04 1.527728e-05 1.063393e-04
1.529283e-04 3.408035e-05 8.743635e-05 1.092124e-04 2.367876e-04
1.434227e-04 1.677007e-04 3.361909e-06 1.443926e-04 1.750528e-04
1.571593e-04 1.964115e-04 6.813935e-05 3.806160e-05 8.477582e-05
9.295676e-05 2.940817e-04 2.793689e-04 2.813112e-04 2.697050e-04
2.602208e-04 1.979288e-04 2.076974e-04 2.336840e-04 2.261080e-04
1.822435e-04 2.859447e-04 3.152209e-04 2.820753e-04 1.878032e-04
3.546680e-04 4.064059e-04 2.233161e-04 2.608045e-04 1.487555e-04
9.082408e-05 1.431087e-04 1.673201e-04 1.835870e-04 1.828799e-04
1.828340e-04 1.712513e-04 1.300765e-04 9.616167e-05 2.231757e-04
8.227938e-05 2.705328e-04 1.154987e-04 7.629850e-05 1.001108e-04
1.675768e-04 1.235609e-04 2.445981e-04 2.086176e-04 2.680853e-04
1.712498e-04 1.181631e-04 1.554830e-04 1.141022e-04 1.380877e-04
2.288063e-04 2.761392e-04 2.045352e-04 2.088219e-04 2.005128e-04
1.886258e-04 1.850359e-04 1.830004e-04 1.770068e-04 2.368852e-04
9.664558e-05 1.333724e-04 2.048995e-04 2.296931e-04 2.908988e-04
4.803104e-04 2.392897e-04 2.318542e-04 2.412965e-04 1.671837e-04
1.737021e-04 2.377650e-04 1.487983e-04 1.863962e-04 1.890771e-04
1.844336e-04 1.994973e-04 2.170561e-04 2.200964e-04 2.589477e-04
1.600531e-04 1.491351e-04 2.029897e-04 2.127576e-04 2.170991e-04
2.199855e-04 2.293158e-04 2.030453e-04 2.034450e-04 2.030402e-04
2.326912e-04 1.728518e-04 1.643039e-04 1.214135e-04 1.864588e-04
1.789617e-04 1.688974e-04 8.109611e-05 1.865198e-04 1.993481e-04
2.050048e-04 2.310351e-04 2.318654e-04 1.896785e-04 1.499740e-04
2.024995e-04 1.450097e-04 1.443537e-04 1.688119e-04 1.587355e-04
1.667332e-04 9.593852e-05 8.916368e-05 1.838929e-04 1.656201e-04
1.464199e-04 1.334950e-04 1.610564e-04 1.675197e-04 1.744372e-04
1.667401e-04 1.486463e-04 1.634869e-04 1.542812e-04 1.329536e-04
1.592000e-04 1.415914e-04 1.403644e-04 1.614128e-04 1.340393e-04
1.374292e-04 1.573063e-04 1.320329e-04 1.427657e-04 1.433867e-04
1.516055e-04 1.150069e-04 1.625107e-04 1.685299e-04 9.086466e-05
1.211507e-04 1.686044e-04 1.601788e-04 1.226578e-04 5.531157e-05
1.628317e-04 1.010855e-04 9.166995e-05 1.064324e-04 1.601334e-04
1.579050e-04 1.120557e-04 1.557693e-04 1.501112e-04 1.484848e-04
1.533596e-04 9.791427e-05 1.425670e-04 1.182298e-04 1.080904e-04
7.490383e-05 1.451884e-04 1.364410e-04 1.176110e-04 1.209180e-04
1.210573e-04 1.292745e-04 1.410419e-04 8.000184e-05 5.759437e-05
7.571763e-05 1.101760e-04 1.339353e-04 1.275681e-04 1.128353e-04
1.122763e-04 1.163295e-04 1.062234e-04 1.046668e-04 9.782661e-05
1.087574e-04 1.111926e-04 1.073245e-04 1.083655e-04 9.964236e-05
1.086228e-04 1.069134e-04 1.095797e-04 1.089324e-04 1.088356e-04
1.003596e-04 1.045678e-04 9.576460e-05 1.056253e-04 1.000951e-04
1.045904e-04 1.026921e-04 1.014051e-04 9.904236e-05 9.941983e-05
1.013512e-04 1.027169e-04 1.020453e-04 1.018047e-04 1.021318e-04
1.003684e-04 1.002386e-04 9.898354e-05 9.820916e-05 9.797426e-05
9.814428e-05 9.866815e-05 9.769380e-05 9.558506e-05 9.393188e-05
8.126321e-05 9.102611e-05 9.600061e-05 9.477876e-05 9.412457e-05
9.326206e-05 9.025827e-05 8.985143e-05 7.449532e-05 7.551479e-05
9.182078e-05 9.519672e-05 9.439957e-05 9.128596e-05 9.133642e-05
9.127041e-05 8.717120e-05 9.201275e-05 8.326606e-05 7.147563e-05
5.931657e-05 8.377106e-05 8.186683e-05 8.540121e-05 8.349875e-05
8.393402e-05 6.136730e-05 8.869620e-05 7.791050e-05 8.282034e-05
8.101175e-05 7.752504e-05 7.536227e-05 7.562302e-05 7.529307e-05
7.391014e-05 7.383784e-05 7.195318e-05 7.137925e-05 7.113904e-05
7.200307e-05 6.951764e-05 6.925673e-05 6.809763e-05 6.464992e-05
6.489302e-05 6.368234e-05 6.189022e-05 6.239762e-05 6.120403e-05
5.944181e-05 6.036094e-05 6.045984e-05 6.040821e-05 5.943346e-05
5.963291e-05 5.880009e-05 5.824612e-05 5.740107e-05 5.733040e-05
5.767253e-05 5.640882e-05 5.549668e-05 5.437384e-05 5.303359e-05
5.473461e-05 5.314801e-05 5.343650e-05 5.153200e-05 4.911351e-05
4.882733e-05 4.798053e-05 4.851600e-05 4.632453e-05 4.651767e-05
4.587045e-05 4.534903e-05 4.472589e-05 4.368054e-05 4.326622e-05
4.221463e-05 4.121763e-05 4.095642e-05 4.034335e-05 3.934740e-05
3.950745e-05 3.932638e-05 3.908193e-05 3.842581e-05 3.746218e-05
3.629101e-05 3.555462e-05 3.534866e-05 3.483381e-05 3.443769e-05
3.324008e-05 3.338313e-05 3.389870e-05 3.188835e-05 3.126079e-05
3.296279e-05 3.264893e-05 3.249878e-05 3.204756e-05 3.181816e-05
3.051090e-05 3.055955e-05 3.045159e-05 3.037778e-05 3.033381e-05
3.027980e-05 3.012576e-05 3.006651e-05 2.977892e-05 2.890953e-05
2.910952e-05 3.009463e-05 2.827008e-05 2.787244e-05 2.722733e-05
2.674188e-05 2.655382e-05 2.618177e-05 2.609318e-05 2.610454e-05
2.599345e-05 2.446014e-05 2.421709e-05 2.533285e-05 2.415761e-05
2.400474e-05 2.378045e-05 2.367511e-05 2.229138e-05 2.400446e-05
2.348335e-05 2.283032e-05 2.272883e-05 2.204941e-05 2.158241e-05
2.163804e-05 2.202952e-05 2.192497e-05 2.186165e-05 2.152960e-05
2.161469e-05 2.142782e-05 2.140469e-05 2.127512e-05 2.134642e-05
2.062809e-05 2.070189e-05 2.075473e-05 2.005649e-05 1.998923e-05
1.996517e-05 1.998265e-05 1.992801e-05 1.992099e-05 1.951502e-05
1.940618e-05 1.864885e-05 1.818206e-05 1.821583e-05 1.820158e-05
1.820204e-05 1.818486e-05 1.821072e-05 1.776082e-05 1.773548e-05
1.742128e-05 1.757531e-05 1.727651e-05 1.722277e-05 1.719828e-05
1.668983e-05 1.669779e-05 1.663060e-05 1.662023e-05 1.651741e-05
1.648979e-05 1.664896e-05 1.670137e-05 1.684845e-05 1.684186e-05
1.644095e-05 1.640548e-05 1.630966e-05 1.628666e-05 1.624449e-05
1.604593e-05 1.656071e-05 1.609952e-05 1.547220e-05 1.559578e-05
1.550108e-05 1.546828e-05 1.545521e-05 1.506725e-05 1.492729e-05
1.479844e-05 1.545062e-05 1.601095e-05 1.456978e-05 1.464522e-05
1.440058e-05 1.440847e-05 1.439067e-05 1.450528e-05 1.525903e-05
1.483249e-05 1.405073e-05 1.389431e-05 1.359769e-05 1.359709e-05
1.377625e-05 1.408296e-05 1.428427e-05 1.324921e-05 1.321871e-05
1.312357e-05 1.333000e-05 1.340294e-05 1.342209e-05 1.344080e-05
1.344129e-05 1.344064e-05 1.331564e-05 1.373337e-05 1.390878e-05
1.392996e-05 1.493571e-05 1.315670e-05 1.230762e-05 1.247941e-05
1.247122e-05 1.267398e-05 1.312475e-05 1.309610e-05 1.222419e-05
1.222824e-05 1.207533e-05 1.209812e-05 1.184835e-05 1.177259e-05
1.095438e-05 1.184568e-05 1.119428e-05 1.142926e-05 1.112513e-05
1.003019e-05 1.081456e-05 1.039494e-05 1.052388e-05 9.950273e-06
8.773139e-06 1.015210e-05 9.214293e-06 9.040949e-06 8.784135e-06
9.012411e-06 1.063193e-05 8.092226e-06 7.861022e-06 8.515379e-06
7.294844e-06 7.855774e-06 7.446205e-06 5.654575e-06 7.652529e-06
9.111503e-06 5.820711e-06 6.709837e-06 7.242241e-06 6.429097e-06
5.974891e-06 6.380519e-06 6.108337e-06 4.966758e-06 6.238512e-06
5.275735e-06 5.007893e-06 7.363105e-06 5.825269e-06 4.939182e-06
1.827738e-06 8.130046e-06 4.514140e-06 4.740935e-06 4.682621e-06
4.397147e-06 4.282615e-06 4.142342e-06 4.181711e-06 4.048601e-06
4.051362e-06 3.930755e-06 3.945336e-06 3.912506e-06 3.898073e-06
3.798455e-06 3.413367e-06 3.793665e-06 3.775835e-06 3.786614e-06
3.524447e-06 3.362358e-06 3.332506e-06 3.265668e-06 3.170341e-06
3.221091e-06 3.125748e-06 3.080442e-06 3.048358e-06 3.047509e-06
3.026746e-06 3.035400e-06 2.916124e-06 2.915627e-06 2.910824e-06
2.909759e-06 2.909632e-06 2.841411e-06 2.849653e-06 2.745668e-06
2.657254e-06 2.649366e-06 2.581208e-06 2.528762e-06 2.463718e-06
2.433845e-06 2.357523e-06 2.300684e-06 2.228646e-06 2.188034e-06
2.186407e-06 2.174924e-06 2.089633e-06 2.038567e-06 2.254629e-06
2.121300e-06 2.133634e-06 2.045842e-06 2.024832e-06 1.951017e-06
1.895444e-06 1.898187e-06 1.852857e-06 1.851667e-06 1.820078e-06
1.844217e-06 2.220695e-06 5.382091e-06 3.485178e-06 1.548717e-06
1.562047e-06 1.518602e-06 1.481549e-06 1.419074e-06 1.372600e-06
1.326188e-06 1.288347e-06 1.278368e-06 1.240284e-06 1.204955e-06
1.173751e-06 1.132072e-06 1.086391e-06 1.132226e-06 1.041754e-06
1.005384e-06 9.807064e-07 9.591952e-07 9.280727e-07 8.970528e-07
8.742004e-07 8.512890e-07 8.328734e-07 8.012960e-07 8.048019e-07
7.993464e-07 7.977154e-07 7.771735e-07 7.769481e-07 7.733285e-07
7.730703e-07 7.677362e-07 7.707810e-07 7.703428e-07 7.630728e-07
7.332448e-07 7.031177e-07 6.923425e-07 6.835905e-07 6.731332e-07
6.576881e-07 6.330354e-07 6.350326e-07 6.327614e-07 5.902147e-07
6.164729e-07 5.797410e-07 5.765328e-07 5.767054e-07 5.930619e-07
5.344007e-07 5.337624e-07 5.061637e-07 5.047578e-07 5.052636e-07
4.869462e-07 4.795954e-07 4.696334e-07 4.390429e-07 4.611593e-07
4.338374e-07 4.211347e-07 4.127946e-07 4.135357e-07 4.051520e-07
3.962069e-07 3.974413e-07 3.831828e-07 3.801973e-07 3.854730e-07
3.858069e-07 3.433421e-07 4.043030e-07 3.689504e-07 3.511106e-07
3.422047e-07 3.354980e-07 3.337098e-07 3.238128e-07 3.113064e-07
3.010918e-07 2.917951e-07 2.920472e-07 2.813831e-07 2.986015e-07
2.935547e-07 2.583491e-07 2.603550e-07 2.543291e-07 2.485788e-07
2.446752e-07 2.396818e-07 2.403638e-07 2.302560e-07 2.251822e-07
2.176351e-07 2.113869e-07 2.107643e-07 2.082759e-07 2.083263e-07
2.044269e-07 2.030753e-07 2.004066e-07 2.633856e-07 1.992810e-07
1.903913e-07 1.897379e-07 1.840141e-07 1.794734e-07 1.763669e-07
1.718470e-07 1.724904e-07 1.684007e-07 1.650316e-07 1.612018e-07
1.555500e-07 1.782572e-07 2.501468e-07 1.635234e-07 1.484246e-07
1.492873e-07 1.433593e-07 1.398669e-07 1.368693e-07 1.342388e-07
1.318910e-07 1.283489e-07 1.253306e-07 1.231496e-07 1.229153e-07
1.191911e-07 1.143963e-07 1.129799e-07 1.077048e-07 1.081392e-07
1.055167e-07 1.025978e-07 1.026157e-07 1.019591e-07 1.019614e-07
9.992726e-08 9.998849e-08 9.817796e-08 9.815581e-08 9.810158e-08
9.804264e-08 9.785545e-08 9.779305e-08 9.772845e-08 9.763061e-08
9.757173e-08 9.700453e-08 9.583210e-08 9.612846e-08 9.297967e-08
9.094441e-08 8.784378e-08 8.626110e-08 8.414145e-08 8.190398e-08
8.039370e-08 7.809891e-08 7.683215e-08 7.609375e-08 7.341706e-08
7.162704e-08 7.111382e-08 6.962994e-08 6.624803e-08 6.663862e-08
6.644893e-08 6.543483e-08 6.135684e-08 6.434666e-08 6.199533e-08
6.005871e-08 6.001185e-08 5.692827e-08 5.856485e-08 5.803073e-08
5.654667e-08 5.482618e-08 5.349572e-08 5.199469e-08 5.051717e-08
4.989339e-08 4.853220e-08 4.751689e-08 4.652089e-08 4.578002e-08
4.618958e-08 4.825708e-08 4.242062e-08 4.765912e-08 4.246685e-08
4.130542e-08 6.812947e-08 3.180402e-08 1.110598e-07 1.075558e-07
4.415044e-08 3.827569e-08 3.622272e-08 3.527086e-08 3.560516e-08
3.533906e-08 3.901656e-08 3.727246e-08 3.670101e-08 3.544468e-08
3.229639e-08 4.293604e-08 4.151939e-08 3.776365e-08 3.738368e-08
3.705382e-08 3.648253e-08 3.222486e-08 3.090153e-08 3.013193e-08
2.947610e-08 2.900434e-08 2.846505e-08 2.796546e-08 2.737531e-08
2.671419e-08 2.667080e-08 2.590234e-08 2.498325e-08 2.347237e-08
2.962511e-08 2.242141e-08 2.187283e-08 2.122858e-08 2.065171e-08
2.072951e-08 1.994243e-08 1.996701e-08 1.993490e-08 1.994371e-08
1.949840e-08 1.899665e-08 1.864846e-08 1.834108e-08 1.776638e-08
1.735873e-08 1.699268e-08 1.669648e-08 1.669395e-08 1.665168e-08
1.631541e-08 1.579105e-08 1.545689e-08 1.513387e-08 1.484274e-08
1.428318e-08 1.420745e-08 1.346846e-08 1.394588e-08 1.339596e-08
1.326762e-08 1.294926e-08 1.322571e-08 1.280746e-08 1.275463e-08
1.273829e-08 1.272354e-08 1.260695e-08 1.295633e-08 1.183952e-08
2.165973e-08 1.487390e-08 1.357482e-08 1.118948e-08 1.127024e-08
1.066220e-08 1.023580e-08 1.011391e-08 1.023736e-08 9.583408e-09
9.245555e-09 8.955730e-09 9.051884e-09 8.431891e-09 8.091313e-09
7.893543e-09 7.862760e-09 7.781709e-09 7.473448e-09 7.102676e-09
9.363689e-09 7.252170e-09 6.845119e-09 6.679162e-09 6.524707e-09
6.545714e-09 6.433481e-09 6.348791e-09 6.165552e-09 6.087122e-09
5.939638e-09 5.844670e-09 5.759330e-09 5.658027e-09 5.652167e-09
5.643766e-09 5.633587e-09 5.637571e-09 5.567779e-09 5.723201e-09
5.496345e-09 6.194197e-09 5.473662e-09 5.179609e-09 5.080249e-09
4.986961e-09 4.906875e-09 4.796661e-09 4.584067e-09 4.457886e-09
4.327838e-09 4.243176e-09 4.075332e-09 3.952010e-09 3.827287e-09
3.640516e-09 4.058850e-09 3.897562e-09 3.322186e-09 3.303703e-09
3.296272e-09 3.164128e-09 3.059497e-09 2.970797e-09 2.840841e-09
2.943554e-09 1.037712e-08 2.516170e-09 2.495129e-09 2.497601e-09
2.400618e-09 2.272951e-09 2.220153e-09 2.158092e-09 2.126797e-09
2.108832e-09 2.170976e-09 2.180896e-09 1.940738e-09 1.885580e-09
1.822271e-09 1.687854e-09 2.458437e-09 2.230129e-09 1.605081e-09
1.595067e-09 1.543029e-09 1.513272e-09 1.440068e-09 1.423875e-09
1.380766e-09 1.355149e-09 1.315113e-09 1.263840e-09 1.285233e-09
1.368015e-09 1.189737e-09 1.145254e-09 1.141582e-09 1.104870e-09
1.071546e-09 1.057095e-09 1.025586e-09 1.010434e-09 9.687172e-10
9.780949e-10 9.442022e-10 9.038014e-10 8.918155e-10 8.806513e-10
8.735424e-10 8.828725e-10 8.439097e-10 8.470733e-10 8.159978e-10
8.144511e-10 7.879252e-10 9.258103e-10 8.308029e-10 7.527504e-10
6.711939e-10 7.112938e-10 6.896472e-10 6.459606e-10 6.781332e-10
6.566894e-10 6.362606e-10 5.998615e-10 5.870539e-10 5.779496e-10
5.690206e-10 5.508534e-10 5.337624e-10 5.267396e-10 5.209991e-10
5.239056e-10 5.151871e-10 4.784141e-10 4.648373e-10 4.623800e-10
4.510327e-10 4.434258e-10 4.327200e-10 4.219471e-10 4.094369e-10
4.062347e-10 4.032822e-10 3.851581e-10 3.891921e-10 2.810179e-10
1.118281e-09 8.338213e-10 4.241202e-10 3.564323e-10 3.373929e-10
3.286647e-10 3.273430e-10 3.303384e-10 3.132687e-10 3.045292e-10
2.985575e-10 2.948031e-10 2.877750e-10 2.820902e-10 2.870695e-10
2.739675e-10 2.709979e-10 2.587361e-10 2.639186e-10 2.618683e-10
2.533075e-10 2.469488e-10 2.360739e-10 2.362980e-10 2.401862e-10
2.360440e-10 2.754298e-10 2.273610e-10 2.177604e-10 2.084452e-10
2.056909e-10 2.052641e-10 2.063512e-10 2.061494e-10 2.058638e-10
2.041305e-10 1.972059e-10 1.906312e-10 1.877198e-10 1.855282e-10
1.857873e-10 1.934644e-10 1.752633e-10 1.726037e-10 1.671510e-10
1.654455e-10 1.612620e-10 1.582738e-10 1.570052e-10 1.538608e-10
1.518787e-10 1.470520e-10 1.444179e-10 1.414986e-10 1.394897e-10
1.395173e-10 1.373473e-10 1.333798e-10 1.309984e-10 1.375428e-10
1.347296e-10 1.270285e-10 1.207733e-10 1.203658e-10 1.200723e-10
1.184530e-10 1.166839e-10 1.137153e-10 1.118369e-10 1.158652e-10
1.091099e-10 1.073033e-10 1.079101e-10 1.151680e-10 1.492928e-10
1.080222e-10 9.988954e-11 1.012192e-10 9.621217e-11 9.467166e-11
9.047946e-11 9.181846e-11 8.843415e-11 8.801770e-11 1.059488e-10
7.642580e-11 6.429097e-11 6.474556e-11 6.523340e-11 6.541239e-11
6.627046e-11 4.219296e-11 4.290422e-11 2.863321e-11 2.759561e-11
2.729166e-11 2.730361e-11 2.731367e-11 2.878459e-11 1.975195e-11
1.799948e-11 1.348031e-11 1.217082e-11 1.260956e-11 8.771220e-12
9.334692e-12 7.312738e-12 6.428209e-12 6.944804e-12 4.594624e-12
4.703163e-12 3.542664e-12 3.509134e-12 3.531588e-12 3.536470e-12
3.315736e-12 2.678428e-12 2.038168e-12 1.963360e-12 1.959431e-12
2.091366e-12 1.655999e-12 1.654017e-12 1.295090e-12 1.233900e-12
1.265290e-12 1.651924e-12 9.132086e-13 1.030718e-12 8.030082e-13
7.916441e-13 7.931220e-13 8.111478e-13 6.149220e-13 5.582773e-13
5.569933e-13 5.544853e-13 3.914173e-13 3.751889e-13 3.881325e-13
5.910034e-14 1.916461e-14 4.686407e-15 9.294585e-16 1.603652e-16
2.616978e-17 4.042872e-18 5.941417e-19 8.192944e-20 1.007860e-20
9.594006e-22 4.184369e-23 1.000000e-30
