 0.6989700    -100.00000    
 0.7247828    -100.00000    
 0.7491470    -100.00000    
 0.7722168    -100.00000    
 0.7941226    -100.00000    
 0.8348744    -100.00000    
 0.8721282     -137.2149    
 0.9064373     -135.7899    
 0.9382333     -135.2667    
 0.9678594     -135.1093    
 0.9955930     -135.1642    
  1.021661     -135.2817    
  1.046253     -135.4816    
  1.069527     -136.4620    
  1.091616     -136.4145    
  1.132686     -136.5585    
  1.170205    -100.00000    
  1.204739    -100.00000    
  1.236728    -100.00000    
  1.266522    -100.00000    
  1.294403    -100.00000    
  1.320601     -132.2740    
  1.345308     -129.6909    
  1.368685    -100.00000    
  1.390867     -125.2409    
  1.390954    -100.00000    
  1.416604    -100.00000    
  1.416691    -100.00000    
  1.442990     -106.5544    
  1.443077    -100.00000    
  1.465932     -105.9432    
  1.466019    -100.00000    
  1.485843     -106.7831    
  1.485930    -100.00000    
  1.517406    -100.00000    
  1.546755     -103.2518    
  1.546842     -102.9719    
  1.576102     -103.9338    
  1.576189     -102.2966    
  1.604747     -101.5988    
  1.604834    -100.00000    
  1.638223     -90.78809    
  1.669228     -84.89289    
  1.698166     -79.68691    
  1.725295    -100.00000    
  1.725382     -78.46631    
  1.731758    -100.00000    
  1.731845     -73.22714    
  1.759983     -69.20461    
  1.786409    -100.00000    
  1.786495     -64.34206    
  1.816265     -60.71159    
  1.844125    -100.00000    
  1.844212     -56.54329    
  1.873424    -100.00000    
  1.873511     -52.65344    
  1.905821    -100.00000    
  1.905908    -100.00000    
  1.913955    -100.00000    
  1.914042     -50.48566    
  1.926709    -100.00000    
  1.926796    -100.00000    
  1.927461    -100.00000    
  1.927548     -46.75648    
  1.962158     -44.52302    
  1.994212    -100.00000    
  1.994299    -100.00000    
  1.996552    -100.00000    
  1.996639    -100.00000    
  1.997939    -100.00000    
  1.998026    -100.00000    
  2.007421     -42.75581    
  2.007508    -100.00000    
  2.028108     -40.22332    
  2.028195    -100.00000    
  2.061043     -37.19773    
  2.061130    -100.00000    
  2.097304     -34.20581    
  2.097391     -33.88519    
  2.101519     -33.55376    
  2.101605     -33.53301    
  2.102584     -33.45800    
  2.102671     -33.46805    
  2.106101     -33.20124    
  2.106187     -33.23364    
  2.111508     -32.80703    
  2.111595     -32.77835    
  2.111941     -32.75422    
  2.112028    -100.00000    
  2.126973     -31.76326    
  2.127060     -31.65548    
  2.127658     -31.61102    
  2.127745     -31.84187    
  2.137486     -30.97513    
  2.137573     -31.41487    
  2.149371     -30.18258    
  2.149458     -30.18830    
  2.156741     -29.65877    
  2.156827     -29.62547    
  2.158960     -29.48652    
  2.159047    -100.00000    
  2.177604     -28.42262    
  2.177690     -28.31157    
  2.181731     -28.05747    
  2.181818     -28.09316    
  2.188445     -27.66446    
  2.188532    -100.00000    
  2.204170     -26.80458    
  2.204257     -26.76108    
  2.211100     -26.35722    
  2.217837     -25.96587    
  2.217924     -25.94103    
  2.218030     -25.93537    
  2.218315     -25.91887    
  2.218402     -25.91447    
  2.218688     -25.89830    
  2.218775     -25.96004    
  2.226808     -25.49858    
  2.234695     -25.07797    
  2.234781     -25.05648    
  2.239617     -24.79516    
  2.239704     -24.93906    
  2.245345     -24.47122    
  2.245432     -24.50068    
  2.250721     -24.21847    
  2.250808     -24.20450    
  2.253696     -24.05642    
  2.253782     -24.05783    
  2.257129     -23.89779    
  2.260450     -23.71994    
  2.263745     -23.55628    
  2.267016     -23.39810    
  2.267103     -23.39264    
  2.270490     -23.23244    
  2.270577     -23.21992    
  2.271628     -23.16975    
  2.271715     -23.17675    
  2.275818     -22.97636    
  2.275905     -22.96922    
  2.277893     -22.87335    
  2.279873     -22.78143    
  2.281843     -22.68846    
  2.283804     -22.59709    
  2.283891     -22.59399    
  2.286288     -22.48179    
  2.286375     -22.47669    
  2.286786     -22.45803    
  2.286873     -22.45927    
  2.289459     -22.33893    
  2.292031     -22.21980    
  2.294586     -22.10061    
  2.297128     -21.99700    
  2.297214     -21.98634    
  2.297982     -21.95205    
  2.298069     -21.94874    
  2.300085     -21.86213    
  2.302092     -21.77180    
  2.304090     -21.68361    
  2.306078     -21.59674    
  2.306165     -21.59305    
  2.308268     -21.50144    
  2.309316     -21.45536    
  2.310361     -21.41080    
  2.311404     -21.36429    
  2.312444     -21.31879    
  2.313482     -21.28729    
  2.314517     -21.22954    
  2.314604     -21.22883    
  2.315597     -21.18682    
  2.315684     -21.18313    
  2.316612     -21.14396    
  2.317538     -21.10486    
  2.318463     -21.06565    
  2.319385     -21.02711    
  2.320305     -21.00196    
  2.321224     -20.97826    
  2.322140     -20.91258    
  2.323055     -20.87370    
  2.323141     -20.86953    
  2.324295     -20.82380    
  2.325445     -20.77216    
  2.326592     -20.72776    
  2.327736     -20.68093    
  2.327823     -20.67744    
  2.328799     -20.63746    
  2.329773     -20.59764    
  2.330745     -20.55819    
  2.331714     -20.51883    
  2.331801     -20.51502    
  2.333101     -20.46335    
  2.333188     -20.45959    
  2.334187     -20.41919    
  2.335184     -20.37920    
  2.336179     -20.33950    
  2.337171     -20.29955    
  2.338161     -20.26019    
  2.339149     -20.22108    
  2.340135     -20.18201    
  2.341118     -20.14267    
  2.341205     -20.13941    
  2.341283     -20.13635    
  2.341370     -20.13296    
  2.341472     -20.12908    
  2.342320     -20.09555    
  2.343166     -20.06250    
  2.344011     -20.02930    
  2.344853     -19.99640    
  2.344940     -19.99282    
  2.345621     -19.96616    
  2.346301     -19.93981    
  2.346979     -19.91363    
  2.347657     -19.88707    
  2.348333     -19.86094    
  2.349009     -19.83442    
  2.349683     -19.80854    
  2.350356     -19.78075    
  2.350443     -19.77944    
  2.351331     -19.74443    
  2.352217     -19.71825    
  2.352659     -19.75090    
  2.353101     -19.67227    
  2.353542     -19.66149    
  2.353983     -19.64399    
  2.354070     -19.62848    
  2.354511     -19.60788    
  2.354951     -19.59396    
  2.355390     -19.57581    
  2.355830     -19.55925    
  2.356269     -19.54211    
  2.356707     -19.52481    
  2.357145     -19.50862    
  2.357582    -100.00000    
  2.357669    -100.00000    
  2.376702     -15.41442    
  2.376789     -15.44322    
  2.381401     -14.92270    
  2.381488     -14.90676    
  2.381574     -14.87743    
  2.381660     -15.00881    
  2.384670     -15.16661    
  2.384757     -15.72031    
  2.387126     -15.11903    
  2.387213     -16.33214    
  2.405819     -14.35484    
  2.405905     -14.32777    
  2.409345     -15.12220    
  2.409431     -14.28052    
  2.409967     -14.31535    
  2.410054     -14.40193    
  2.411501     -14.30934    
  2.411588     -14.46379    
  2.413098     -14.13679    
  2.413185     -14.27529    
  2.417228     -14.14073    
  2.417315     -13.43421    
  2.417448     -12.97338    
  2.417535     -12.66590    
  2.429911     -13.71757    
  2.429998     -12.94854    
  2.433514     -12.76596    
  2.433601     -12.27144    
  2.434762     -12.15760    
  2.434849     -11.98835    
  2.435570    -100.00000    
  2.435657     -12.53532    
  2.438099     -12.34053    
  2.438186     -12.73259    
  2.443115     -12.03230    
  2.443202     -12.23176    
  2.448046     -11.84358    
  2.448133     -11.89286    
  2.449372     -11.70800    
  2.449459     -11.99894    
  2.456026     -11.55269    
  2.456113    -100.00000    
  2.457105     -11.71126    
  2.457192     -11.56250    
  2.461170     -11.88639    
  2.461257     -11.66529    
  2.466286     -11.57885    
  2.466372    -100.00000    
  2.466976     -11.67605    
  2.467064     -11.78075    
  2.471828     -11.24441    
  2.471915     -11.25544    
  2.476442     -11.14518    
  2.476529    -100.00000    
  2.476628     -15.87897    
  2.476715     -16.63961    
  2.476977     -15.57902    
  2.477064     -11.25828    
  2.483465    -100.00000    
  2.483551     -12.13801    
  2.483824     -11.32487    
  2.483911     -11.02880    
  2.484130     -10.98857    
  2.484217     -10.85478    
  2.487220     -11.25765    
  2.490203     -10.89722    
  2.493165     -11.09960    
  2.496107     -10.58268    
  2.496194     -10.84900    
  2.500074     -10.68942    
  2.503920     -10.92427    
  2.504007     -10.89421    
  2.504069     -10.54393    
  2.504156     -10.42843    
  2.506191     -10.60930    
  2.506278     -10.33421    
  2.508598     -11.04668    
  2.510906     -10.46270    
  2.513202     -10.43298    
  2.515486     -10.21459    
  2.515573     -10.28954    
  2.515719     -10.30949    
  2.515805     -10.31188    
  2.515872     -10.31031    
  2.515959     -10.32641    
  2.516943     -10.22581    
  2.517030     -10.32325    
  2.517941     -10.47901    
  2.518028     -10.07063    
  2.521727     -10.82175    
  2.525387     -10.06461    
  2.529016     -10.12227    
  2.532615     -10.08731    
  2.532701     -9.902506    
  2.536032     -10.12175    
  2.539337     -10.17687    
  2.539424     -10.18856    
  2.543132     -9.960911    
  2.546808     -10.80011    
  2.546895     -9.757881    
  2.547329     -9.976070    
  2.547416     -9.807231    
  2.551118     -9.877419    
  2.551204     -10.08271    
  2.554808     -9.581329    
  2.558382     -9.800043    
  2.558469     -9.745958    
  2.558869     -9.802327    
  2.558956     -9.708829    
  2.562079     -9.839007    
  2.565180     -9.644650    
  2.568258     -9.882942    
  2.571315     -9.813750    
  2.571402     -9.653984    
  2.571490     -9.650518    
  2.571576     -9.681790    
  2.574740     -9.729547    
  2.577880     -9.595225    
  2.580998     -9.495245    
  2.584094     -9.360303    
  2.587168     -9.982057    
  2.590220     -9.371791    
  2.593250     -9.306541    
  2.596260     -9.240725    
  2.596347     -9.262778    
  2.597646     -9.210930    
  2.597733     -9.186928    
  2.600542     -9.211594    
  2.603333     -9.136895    
  2.603420     -9.107864    
  2.606239     -9.081476    
  2.606324     -8.910638    
  2.606411     -8.860468    
  2.607237     -9.191377    
  2.607324     -9.191317    
  2.610441     -8.964552    
  2.613536     -9.138395    
  2.616608     -8.904591    
  2.619659     -9.026382    
  2.619746     -9.217871    
  2.620859     -8.785913    
  2.620946     -8.900066    
  2.621962     -8.594274    
  2.622049     -8.425015    
  2.625471     -7.887242    
  2.625557     -7.795131    
  2.626297     -8.093806    
  2.626384     -7.810262    
  2.627024     -8.016678    
  2.627111     -7.978488    
  2.630159     -8.264235    
  2.633186     -8.239218    
  2.633273     -8.104961    
  2.633585     -8.065414    
  2.633672     -8.109443    
  2.636750     -8.095830    
  2.639805     -8.166317    
  2.642840     -7.827748    
  2.645853     -8.282843    
  2.645940    -100.00000    
  2.646436     -7.795728    
  2.646523     -8.268202    
  2.648513     -8.011169    
  2.648600     -7.795502    
  2.650581     -7.863178    
  2.650668     -7.907720    
  2.652023     -7.430077    
  2.652110     -7.463117    
  2.653758     -7.829191    
  2.653845     -7.664863    
  2.654514     -7.576946    
  2.654601     -8.254286    
  2.655848     -9.191050    
  2.655935     -7.361261    
  2.656856     -8.121909    
  2.656943     -9.897252    
  2.659789     -7.177074    
  2.659876     -7.311513    
  2.661632     -7.637813    
  2.661711     -8.908599    
  2.661798     -8.139572    
  2.662838     -7.393658    
  2.662925     -7.501010    
  2.664288     -7.388516    
  2.665620     -7.265733    
  2.666947     -7.461730    
  2.668270     -7.577850    
  2.668357     -7.596891    
  2.669554     -7.663552    
  2.670748     -7.950273    
  2.670835     -7.783090    
  2.671974     -7.925590    
  2.673109     -8.317396    
  2.674242     -7.219912    
  2.675371     -7.407814    
  2.675458     -7.994509    
  2.676606     -7.460217    
  2.677751    -100.00000    
  2.677838     -7.495232    
  2.679282     -7.517841    
  2.680721     -7.543973    
  2.682155     -7.327044    
  2.683585     -8.199487    
  2.683672     -7.121369    
  2.684694     -7.098981    
  2.685714     -7.353537    
  2.685801     -7.102164    
  2.685988     -7.376477    
  2.686075    -100.00000    
  2.686520     -7.176463    
  2.686607     -7.278952    
  2.687604     -7.405529    
  2.688599    -100.00000    
  2.688686     -7.564119    
  2.689315     -7.237461    
  2.689943     -7.400008    
  2.690571     -7.101434    
  2.691198     -7.134443    
  2.691823     -7.203411    
  2.692448     -7.234652    
  2.693072     -7.159047    
  2.693695     -7.116425    
  2.694317     -7.287008    
  2.694939     -7.069759    
  2.695559     -7.187575    
  2.696179     -7.026071    
  2.696797     -7.035929    
  2.697415     -6.992838    
  2.698032     -7.082909    
  2.698648     -7.097404    
  2.698717     -7.060749    
  2.698803     -7.188807    
  2.699142     -7.056911    
  2.699229     -7.007262    
  2.700077     -6.977083    
  2.700500     -7.043463    
  2.700923     -7.736696    
  2.701345     -7.019057    
  2.701767     -6.871631    
  2.702189     -6.858752    
  2.702610     -6.904076    
  2.702697     -6.471530    
  2.706323    -100.00000    
  2.706410     -6.691982    
  2.708352     -6.006437    
  2.708438     -5.691814    
  2.709271     -8.628609    
  2.709358     -7.008449    
  2.712230     -5.609182    
  2.712317    -100.00000    
  2.714595     -6.007069    
  2.716861     -6.702579    
  2.719116     -5.794407    
  2.721359    -100.00000    
  2.721446    -100.00000    
  2.721792    -100.00000    
  2.721879     -6.359248    
  2.725135     -6.702656    
  2.728368     -6.988334    
  2.728455     -6.428351    
  2.728556     -6.574098    
  2.728643     -6.607621    
  2.730036    -100.00000    
  2.730123    -100.00000    
  2.733067     -6.698452    
  2.735992     -6.451436    
  2.736079     -6.115567    
  2.737059     -6.088844    
  2.737146     -6.872188    
  2.740300     -6.125735    
  2.740387     -6.964441    
  2.744215     -6.101199    
  2.748009     -5.289714    
  2.751770     -6.243756    
  2.755499     -5.853342    
  2.755586     -5.601981    
  2.758474     -5.567873    
  2.758561     -5.594483    
  2.759027     -5.644402    
  2.759113    -100.00000    
  2.760747     -5.751208    
  2.760833     -5.885872    
  2.763123     -5.902471    
  2.765400     -6.519609    
  2.765487     -6.522424    
  2.765755     -6.504481    
  2.765842    -100.00000    
  2.768363     -5.906929    
  2.770870     -5.479647    
  2.773363     -5.614337    
  2.775841     -5.588611    
  2.775928     -5.805748    
  2.777541     -5.919229    
  2.777628     -5.639117    
  2.780082     -5.674731    
  2.782523     -5.510741    
  2.784950     -6.373119    
  2.787363     -5.679675    
  2.787450     -6.338132    
  2.789348     -5.140372    
  2.789435     -5.222553    
  2.792054     -5.431427    
  2.792141     -6.337522    
  2.795962     -4.602213    
  2.796049     -5.250137    
  2.798395     -5.307932    
  2.800729     -5.558861    
  2.803050     -5.624591    
  2.805359    -100.00000    
  2.807656     -4.270573    
  2.809941     -5.181003    
  2.812213     -4.888738    
  2.814474     -5.107727    
  2.814561     -4.429850    
  2.815775     -4.609773    
  2.815862     -5.178191    
  2.818570     -4.554490    
  2.818657     -4.347211    
  2.821422     -5.041462    
  2.824169     -4.933807    
  2.826900     -4.871592    
  2.829613     -4.045179    
  2.829700     -4.116565    
  2.832139     -4.723677    
  2.834565     -4.394371    
  2.836978    -100.00000    
  2.839377     -4.222185    
  2.839464     -4.598722    
  2.842740     -5.226077    
  2.845992     -3.911353    
  2.846054     -3.958163    
  2.846141     -3.963087    
  2.846320     -3.964238    
  2.846407     -3.942048    
  2.846929     -4.192633    
  2.847016     -4.228929    
  2.850284     -4.221414    
  2.850371     -4.409359    
  2.851107     -4.029698    
  2.851194     -4.276678    
  2.851272     -4.462289    
  2.851359     -4.609453    
  2.851605     -4.383044    
  2.851692     -4.229025    
  2.852969     -4.130527    
  2.853056     -4.112138    
  2.856721     -4.060087    
  2.856808     -4.158220    
  2.860014     -4.146924    
  2.863196     -4.315072    
  2.863283     -4.250481    
  2.866961     -4.096414    
  2.867048     -4.117862    
  2.867158     -4.236567    
  2.871477     -4.174243    
  2.871560     -4.184455    
  2.871647     -4.766699    
  2.874394     -4.177346    
  2.877123     -4.102886    
  2.877210     -4.078584    
  2.879769     -4.298479    
  2.882313     -4.115403    
  2.882400     -4.112902    
  2.882670     -4.699020    
  2.882757    -100.00000    
  2.885337     -3.968303    
  2.885423     -3.830030    
  2.886380     -3.887215    
  2.886467     -3.927720    
  2.886654     -3.965328    
  2.886741     -4.178426    
  2.889314     -5.253943    
  2.889401     -4.770902    
  2.891964     -4.146750    
  2.892051     -4.033956    
  2.893704     -4.185763    
  2.893791     -4.022200    
  2.894071     -3.976189    
  2.894158     -3.957785    
  2.895095     -4.014679    
  2.895182     -4.014427    
  2.896767     -4.157973    
  2.896854     -4.151870    
  2.897787     -4.319910    
  2.897874     -4.207698    
  2.900589     -4.191877    
  2.900676     -4.176718    
  2.902856     -4.145359    
  2.905026     -4.157201    
  2.905113     -4.149885    
  2.908098     -4.372642    
  2.908185     -4.184984    
  2.908477     -4.159240    
  2.908564     -4.193039    
  2.910090     -4.181748    
  2.910176     -4.374188    
  2.913363     -4.184307    
  2.916527     -4.266867    
  2.916614     -4.121017    
  2.916785     -4.086910    
  2.916872     -4.088709    
  2.917171     -4.144828    
  2.917258     -4.158997    
  2.919518     -4.201470    
  2.921765     -4.259718    
  2.921852     -4.272487    
  2.925029     -4.280899    
  2.925116     -4.269624    
  2.925941     -4.228881    
  2.926028     -4.250095    
  2.927554     -4.491283    
  2.927641     -4.259548    
  2.927950     -4.103296    
  2.928037     -4.523821    
  2.928671     -4.213186    
  2.928758     -4.253957    
  2.929127     -4.134139    
  2.929213     -4.191868    
  2.929524     -4.063654    
  2.929611     -4.044937    
  2.930245     -4.456087    
  2.930332     -4.334773    
  2.930604     -4.220716    
  2.930691     -4.156446    
  2.930963     -4.127268    
  2.931050     -4.168145    
  2.934646     -4.624071    
  2.934733     -4.181568    
  2.936807     -4.265166    
  2.936894     -4.055098    
  2.937412     -4.096977    
  2.937499     -4.143242    
  2.937612     -4.070983    
  2.939332     -4.227724    
  2.939418     -4.231720    
  2.941608     -4.238517    
  2.943787     -4.209527    
  2.943874     -4.114908    
  2.945266     -4.513166    
  2.945353     -4.192832    
  2.946273     -4.198753    
  2.946360     -4.240832    
  2.946687     -4.210590    
  2.946774     -4.133583    
  2.949036     -4.273156    
  2.951287     -4.166840    
  2.951374     -4.064110    
  2.953319     -4.522185    
  2.953406     -4.272689    
  2.953750     -4.231960    
  2.953837     -4.371728    
  2.955739     -4.122825    
  2.955826     -4.182543    
  2.956162     -4.195378    
  2.956249     -4.262626    
  2.957620     -4.207964    
  2.957703     -4.191936    
  2.957790     -4.274632    
  2.959196     -4.265645    
  2.959269     -4.271019    
  2.959356     -4.349414    
  2.959520     -4.448897    
  2.959575     -4.405461    
  2.959642     -4.337835    
  2.959729     -4.254831    
  2.959839     -4.205582    
  2.959926     -4.260522    
  2.960694     -4.250900    
  2.960781     -4.116475    
  2.961122     -4.129183    
  2.961209     -4.561288    
  2.965318     -4.130357    
  2.965405     -4.419741    
  2.969227     -4.075324    
  2.969314     -4.101008    
  2.972533     -4.265482    
  2.975728     -4.137124    
  2.975815     -4.156986    
  2.976166     -4.121931    
  2.976253     -4.254790    
  2.979351     -4.207055    
  2.982423     -4.347152    
  2.982509     -4.221430    
  2.982872     -4.163210    
  2.982959     -4.194849    
  2.987037     -4.258820    
  2.991078     -4.717208    
  2.995081     -4.289625    
  2.999047     -4.010653    
  3.002978     -4.262253    
  3.006874     -4.277188    
  3.010734     -4.301483    
  3.014561     -4.118396    
  3.018354     -4.258179    
  3.022115     -4.292767    
  3.025843     -4.356502    
  3.029540     -4.252481    
  3.033205     -4.370637    
  3.036840     -4.214634    
  3.040444     -4.350904    
  3.044019     -4.306447    
  3.044106     -4.383542    
  3.046417     -4.270109    
  3.046504     -4.342692    
  3.047266     -4.364960    
  3.047353     -4.275601    
  3.050503     -4.452795    
  3.053630     -4.322562    
  3.056735     -4.369951    
  3.059819     -4.318479    
  3.062880     -4.378876    
  3.065920     -4.325166    
  3.068939     -4.476085    
  3.071937     -4.495362    
  3.072024     -4.298455    
  3.074515     -4.406989    
  3.074602     -4.099201    
  3.078033     -4.381217    
  3.081436     -4.352091    
  3.084813     -4.277106    
  3.088164     -3.906096    
  3.088251     -4.155592    
  3.089222     -4.335848    
  3.089309     -4.331264    
  3.091849     -4.458438    
  3.091936     -4.461868    
  3.095352     -4.466609    
  3.095438     -4.515564    
  3.097710     -4.384982    
  3.099969     -4.339178    
  3.100056     -4.359140    
  3.102791     -4.413395    
  3.105509     -4.457887    
  3.105596     -4.409984    
  3.108813     -4.461507    
  3.112005     -4.416525    
  3.112092     -4.427986    
  3.114687     -4.482615    
  3.114774     -4.448512    
  3.116978     -4.498682    
  3.117065     -4.463968    
  3.118223     -4.473676    
  3.118310     -4.477107    
  3.120853     -4.473323    
  3.123381     -4.469214    
  3.123468     -4.441409    
  3.125997     -4.502976    
  3.126084     -4.469476    
  3.127687     -4.406650    
  3.127774     -4.293845    
  3.129225     -4.579134    
  3.129312     -4.419441    
  3.132455     -4.486551    
  3.135577     -4.422077    
  3.135664     -4.492160    
  3.136182     -4.423056    
  3.136269     -4.375653    
  3.138696     -4.557145    
  3.141109     -4.541878    
  3.141196     -4.706030    
  3.144101     -4.352403    
  3.144188     -4.262614    
  3.144956     -4.511803    
  3.145043     -4.697499    
  3.146758     -4.510603    
  3.146845     -4.423497    
  3.147795     -4.358138    
  3.147882     -4.306447    
  3.148729     -4.541331    
  3.148816     -4.850178    
  3.150639     -4.454098    
  3.150726     -4.409267    
  3.151276     -4.390567    
  3.151363     -4.456090    
  3.153068     -4.786602    
  3.153155     -4.508112    
  3.153381     -4.451084    
  3.153434     -4.456058    
  3.153521     -4.397324    
  3.155016     -4.929084    
  3.155103     -4.514656    
  3.156074     -4.906571    
  3.156161     -4.421373    
  3.160418     -4.579320    
  3.164633     -4.597672    
  3.164720     -4.667428    
  3.165979     -4.499765    
  3.166066     -4.517768    
  3.169710     -4.556339    
  3.173324     -4.461904    
  3.176908     -4.603225    
  3.180463     -4.469959    
  3.180550     -4.568325    
  3.181960     -4.479607    
  3.182047     -4.647609    
  3.184770     -4.873830    
  3.187477     -4.881712    
  3.187564     -4.450511    
  3.188338     -5.324592    
  3.188425     -5.086754    
  3.189356     -4.776268    
  3.189443     -5.434932    
  3.192224     -4.777774    
  3.192311     -4.846337    
  3.194885     -4.945838    
  3.194972     -5.229997    
  3.196916     -4.681751    
  3.197003     -4.765165    
  3.200855     -4.592433    
  3.204674     -4.823561    
  3.204761     -4.917765    
  3.207365     -4.932346    
  3.207452     -4.833192    
  3.209994     -4.883584    
  3.212521     -4.989533    
  3.215033     -4.674916    
  3.217531     -4.697716    
  3.217618     -4.577182    
  3.218164     -5.309300    
  3.218251     -5.051703    
  3.222514     -4.847093    
  3.226736     -4.583807    
  3.230917     -4.770073    
  3.235058     -4.935206    
  3.239160     -4.574251    
  3.243224     -4.386148    
  3.247249     -4.556674    
  3.251238     -4.671564    
  3.251325     -4.646451    
  3.255235     -4.702089    
  3.259111     -4.665700    
  3.262951     -4.646870    
  3.266759     -4.631438    
  3.270533     -4.698375    
  3.274275     -4.681916    
  3.277984     -4.748807    
  3.281662     -4.675938    
  3.281749     -4.845841    
  3.285833     -4.848789    
  3.285920     -4.664218    
  3.289028     -4.842293    
  3.289115     -4.731690    
  3.292150     -4.846052    
  3.295165     -4.630752    
  3.298158     -5.044532    
  3.301132     -4.714586    
  3.301219     -4.680815    
  3.305074     -4.905296    
  3.305161     -4.871568    
  3.305985     -4.896983    
  3.306072     -4.913123    
  3.306887     -4.999951    
  3.306974     -4.896655    
  3.309850     -4.909732    
  3.309937     -4.886844    
  3.310624     -4.861951    
  3.310710     -4.924307    
  3.311825     -4.893428    
  3.311912     -4.938323    
  3.312012     -4.952981    
  3.312099     -4.934458    
  3.314648     -4.963668    
  3.317181     -4.777096    
  3.319700     -4.926229    
  3.322204     -4.944502    
  3.324695     -4.758765    
  3.327170     -4.960853    
  3.329632     -5.029700    
  3.332080     -4.997930    
  3.334514     -5.002569    
  3.336935     -5.053938    
  3.339342     -5.074020    
  3.341736     -5.034018    
  3.344117     -5.135136    
  3.346485     -5.094060    
  3.348840     -4.899278    
  3.351182     -5.116378    
  3.351269     -5.081775    
  3.355367     -5.027740    
  3.359427     -5.228560    
  3.363449     -5.024032    
  3.367434     -5.149840    
  3.367521     -5.162565    
  3.370066     -5.181916    
  3.372596     -5.198601    
  3.375111     -5.192782    
  3.377612     -5.204170    
  3.377699     -5.145606    
  3.380754     -5.096766    
  3.383787     -5.224145    
  3.386800     -5.244013    
  3.389792     -5.233926    
  3.389879     -5.253033    
  3.392466     -5.236245    
  3.395039     -5.213260    
  3.395126     -5.200211    
  3.397959     -5.224194    
  3.398046     -5.233081    
  3.398416     -5.246285    
  3.398503     -5.283930    
  3.400855     -5.231157    
  3.400942     -4.999575    
  3.402428     -5.074056    
  3.402515     -5.163905    
  3.405655     -5.302547    
  3.408773     -5.288339    
  3.411869     -5.298168    
  3.414942     -5.314656    
  3.415029     -5.320233    
  3.419186     -5.324773    
  3.423303     -5.330691    
  3.427382     -5.314388    
  3.431422     -5.298522    
  3.431509     -5.417123    
  3.434904     -5.149337    
  3.438273     -5.064598    
  3.441616     -5.429526    
  3.444934     -5.412464    
  3.445021     -5.403239    
  3.447484     -5.418447    
  3.449934     -5.427884    
  3.450021     -5.437565    
  3.452474     -5.435574    
  3.454914     -5.437504    
  3.455001     -5.447930    
  3.458672     -5.432877    
  3.462313     -5.461858    
  3.465924     -5.456762    
  3.469505     -5.518397    
  3.469592     -5.465011    
  3.469843     -5.467058    
  3.469930     -5.463193    
  3.471179     -5.467594    
  3.471266     -5.465654    
  3.474100     -5.490249    
  3.474187     -5.474370    
  3.476423     -5.431043    
  3.478648     -5.481334    
  3.480861     -5.505294    
  3.483063     -5.511399    
  3.483150     -5.504164    
  3.485959     -5.519238    
  3.488749     -5.510273    
  3.491522     -5.528952    
  3.494277     -5.553744    
  3.494364     -5.541248    
  3.496766     -5.523452    
  3.499154     -5.560797    
  3.501530     -5.627985    
  3.503893     -5.546798    
  3.506243     -5.314490    
  3.508580     -5.318542    
  3.510905     -5.569859    
  3.513217     -5.603222    
  3.513304     -5.603029    
  3.515963     -5.612897    
  3.518606     -5.603974    
  3.521233     -5.622673    
  3.523845     -5.526392    
  3.526440     -5.647391    
  3.529020     -5.544863    
  3.531585     -5.658951    
  3.534135     -5.667985    
  3.534222     -5.665273    
  3.536649     -5.671253    
  3.539062     -5.673484    
  3.541462     -5.687684    
  3.543849     -5.564762    
  3.543936     -5.633818    
  3.547053     -5.701486    
  3.550148     -5.707554    
  3.550235     -5.717486    
  3.552940     -5.706345    
  3.555627     -5.726621    
  3.555714     -5.707647    
  3.556728     -5.712335    
  3.556815     -5.708765    
  3.558846     -5.738012    
  3.558933     -5.734375    
  3.559110     -5.727891    
  3.559197     -5.713065    
  3.560851     -5.763534    
  3.560938     -5.743020    
  3.561019     -5.735302    
  3.561106     -5.729133    
  3.561368     -5.721470    
  3.561455     -5.720726    
  3.561549     -5.719924    
  3.561702     -5.719810    
  3.561789     -5.720186    
  3.561899     -5.720526    
  3.561986     -5.721096    
  3.562293     -5.717468    
  3.565681     -5.785707    
  3.565768     -5.780338    
  3.568672     -5.774456    
  3.571556     -5.786537    
  3.574422     -5.798564    
  3.577268     -5.721827    
  3.580096     -5.770856    
  3.582906     -5.808702    
  3.585698     -5.769645    
  3.588471     -5.907829    
  3.591228     -5.624667    
  3.593966     -5.858477    
  3.596688     -5.700037    
  3.599393     -5.855829    
  3.602081     -5.794575    
  3.604752     -5.895191    
  3.607407     -5.767124    
  3.610046     -5.795828    
  3.610133     -5.812025    
  3.612394     -6.094135    
  3.614642     -5.590895    
  3.616880     -5.895556    
  3.619105     -5.904557    
  3.621319     -5.940518    
  3.623523     -5.958576    
  3.625715     -5.830446    
  3.627896     -5.964895    
  3.627982     -5.961591    
  3.630428     -5.974440    
  3.632092     -5.978625    
  3.636162     -6.014596    
  3.640195     -5.832590    
  3.644191     -5.883255    
  3.644278     -5.921799    
  3.646967     -6.020537    
  3.649640     -5.998763    
  3.652297     -6.068341    
  3.654938     -5.774665    
  3.655025     -5.985898    
  3.657211     -5.909728    
  3.659385     -5.894803    
  3.659472     -5.966415    
  3.663615     -6.043184    
  3.663702     -6.042935    
  3.666466     -5.839046    
  3.669212     -5.669094    
  3.671940     -5.387794    
  3.674652     -5.952968    
  3.677347     -6.119268    
  3.680026     -6.116646    
  3.682687     -6.093431    
  3.685333     -6.128928    
  3.685420     -6.317196    
  3.688862     -5.754642    
  3.688948     -5.829636    
  3.690731     -6.094471    
  3.690818     -6.064085    
  3.691459     -6.074200    
  3.691546     -6.086578    
  3.694812     -6.047210    
  3.694898     -6.078492    
  3.695365     -6.096429    
  3.695452     -6.100133    
  3.695518     -6.102951    
  3.695605     -6.121937    
  3.698701     -6.170764    
  3.701776     -6.072510    
  3.704828     -6.154545    
  3.707860     -6.192218    
  3.710870     -6.208052    
  3.712650     -6.191676    
  3.713860     -6.199533    
  3.716830     -6.217672    
  3.719779     -6.201521    
  3.719866     -6.222562    
  3.723198     -6.239123    
  3.726504     -6.175617    
  3.729786     -6.221134    
  3.733043     -6.278061    
  3.733130     -6.355467    
  3.735507     -6.109167    
  3.737872     -6.277341    
  3.740223     -6.268291    
  3.742563     -6.294354    
  3.744889     -6.303807    
  3.747203     -6.310489    
  3.749505     -6.316838    
  3.751794     -6.323630    
  3.751881     -6.347574    
  3.755217     -6.278926    
  3.755304     -6.240657    
  3.755522     -6.247540    
  3.755609     -6.244946    
  3.758467     -6.334266    
  3.761306     -6.356139    
  3.764127     -6.350656    
  3.766929     -6.331454    
  3.769713     -6.167024    
  3.772480     -6.165922    
  3.775229     -6.332286    
  3.777961     -6.397092    
  3.778048     -6.386942    
  3.778151     -6.397806    
  3.781161     -6.404214    
  3.784252     -6.415573    
  3.787320     -6.421149    
  3.790368     -6.436026    
  3.793394     -6.438072    
  3.796399     -6.434032    
  3.799384     -6.430444    
  3.802348     -6.452461    
  3.802435     -6.474076    
  3.806009     -6.456552    
  3.806096     -6.394049    
  3.809815     -6.493149    
  3.809902     -6.510394    
  3.811377     -6.408764    
  3.811464     -6.376990    
  3.811517     -6.373256    
  3.811568     -6.369873    
  3.811655     -6.331623    
  3.814154     -6.470095    
  3.816638     -6.518396    
  3.819108     -5.863962    
  3.821564     -6.509240    
  3.821651     -6.444380    
  3.825835     -5.921410    
  3.829979     -6.286456    
  3.834084     -6.597244    
  3.838150     -6.578668    
  3.838237     -6.595977    
  3.840994     -6.548506    
  3.843735     -6.592632    
  3.846458     -6.600042    
  3.849164     -6.636016    
  3.851853     -6.416944    
  3.854526     -6.533563    
  3.857182     -6.605953    
  3.859823     -6.639252    
  3.859910     -6.644226    
  3.862754     -6.607686    
  3.865581     -6.631494    
  3.868389     -6.663896    
  3.871179     -6.664834    
  3.871266     -6.672864    
  3.873695     -6.680324    
  3.876111     -6.683279    
  3.878513     -6.689295    
  3.880902     -6.711966    
  3.880989     -6.666290    
  3.884377     -6.696651    
  3.887739     -6.690358    
  3.891076     -6.723410    
  3.894387     -6.739250    
  3.894474     -6.737540    
  3.898660     -6.756087    
  3.898747     -6.755074    
  3.902078     -6.766812    
  3.905384     -6.756590    
  3.905471     -6.737737    
  3.908472     -6.788340    
  3.908559     -6.781105    
  3.912193     -6.792569    
  3.912280     -6.785083    
  3.913068     -6.784646    
  3.913155     -6.787299    
  3.913273     -6.788549    
  3.913714     -6.793405    
  3.913769     -6.793897    
  3.913842     -6.794458    
  3.913889     -6.794778    
  3.913972     -6.795686    
  3.914081     -6.797499    
  3.914168     -6.803882    
  3.916915     -6.803609    
  3.917002     -6.681883    
  3.919240     -6.798749    
  3.921466     -6.819468    
  3.923680     -6.822515    
  3.925884     -6.819506    
  3.928076     -6.819180    
  3.930258     -6.851490    
  3.934588     -6.849687    
  3.938875     -6.876334    
  3.943121     -6.871853    
  3.947325     -6.896158    
  3.951490     -6.919563    
  3.955614     -6.902401    
  3.959700     -6.932345    
  3.963748     -6.963212    
  3.967758     -6.917729    
  3.971732     -6.940909    
  3.975669     -6.894198    
  3.979571     -6.979248    
  3.983439     -6.956316    
  3.983526     -6.995992    
  3.987126     -7.031147    
  3.990697     -7.032474    
  3.994239     -7.070533    
  3.997752     -6.977556    
  3.997838     -6.990228    
  4.000147     -7.071363    
  4.002444     -7.003648    
  4.004728     -7.015272    
  4.007001     -6.895249    
  4.009262     -7.075006    
  4.011511     -7.105535    
  4.013748     -7.115242    
  4.015974     -7.061355    
  4.018189     -7.129920    
  4.020392     -7.098585    
  4.022585     -7.136578    
  4.024766     -7.142250    
  4.029096     -7.155784    
  4.033383     -7.163567    
  4.033470     -7.046420    
  4.034774     -7.862065    
  4.034861     -6.450206    
  4.038126     -6.599931    
  4.041367     -7.104521    
  4.044585     -7.170300    
  4.047778     -7.212721    
  4.047865     -7.208521    
  4.051277     -7.223324    
  4.054632     -7.231942    
  4.057962     -7.241710    
  4.061267     -7.250957    
  4.061354     -7.250412    
  4.065579     -7.195344    
  4.069764     -7.212536    
  4.073909     -7.295001    
  4.078015     -7.300617    
  4.078102     -7.286292    
  4.080241     -7.346609    
  4.080328     -7.344622    
  4.080857     -7.190341    
  4.080944     -7.200601    
  4.081009     -7.198555    
  4.081054     -7.190769    
  4.082194     -7.195389    
  4.082281     -7.221584    
  4.084738     -7.312626    
  4.087181     -7.329736    
  4.089611     -7.334571    
  4.092028     -7.331517    
  4.094430     -7.340350    
  4.096820     -7.348889    
  4.099197     -7.349833    
  4.101560     -7.356108    
  4.101647     -7.365945    
  4.104844     -7.392787    
  4.108018     -7.214890    
  4.111169     -7.137242    
  4.114297     -7.379745    
  4.117403     -7.414747    
  4.120486     -7.424479    
  4.123548     -7.425842    
  4.126589     -7.436221    
  4.129608     -7.448188    
  4.132606     -7.456746    
  4.135584     -7.465318    
  4.138542     -7.414777    
  4.141479     -7.484566    
  4.144397     -7.489236    
  4.147296     -7.491962    
  4.150175     -7.512073    
  4.150262     -7.509217    
  4.153103     -7.519368    
  4.155926     -7.529232    
  4.156013     -7.505465    
  4.158103     -7.536273    
  4.158190     -7.550285    
  4.161727     -7.514337    
  4.161814     -7.481210    
  4.163762     -7.527575    
  4.163849     -7.526447    
  4.163959     -7.528773    
  4.164046     -7.533342    
  4.166389     -7.573276    
  4.168720     -7.604693    
  4.171039     -7.522428    
  4.173345     -7.604191    
  4.175640     -7.587926    
  4.177922     -7.610341    
  4.180192     -7.610521    
  4.182450     -7.616337    
  4.184697     -7.609873    
  4.186932     -7.623994    
  4.189156     -7.631846    
  4.191369     -7.644425    
  4.193570     -7.633890    
  4.195760     -7.656848    
  4.197939     -7.642789    
  4.200107     -7.662102    
  4.204411     -7.678775    
  4.208673     -7.677459    
  4.212894     -7.715397    
  4.217074     -7.706222    
  4.221214     -7.732835    
  4.225315     -7.730060    
  4.229377     -7.754753    
  4.233402     -7.706511    
  4.233489     -7.703747    
  4.235773     -7.768306    
  4.238044     -7.842151    
  4.240303     -7.582174    
  4.242551     -7.725638    
  4.244787     -7.807306    
  4.247012     -7.811853    
  4.249225     -7.821018    
  4.251427     -7.797776    
  4.251514     -7.813682    
  4.255198     -7.831689    
  4.258852     -7.828375    
  4.262474     -7.804020    
  4.266067     -7.874231    
  4.266154     -7.867436    
  4.268659     -7.892600    
  4.271149     -7.803704    
  4.273626     -7.377548    
  4.276088     -7.449803    
  4.278536     -7.878759    
  4.280971     -7.883918    
  4.283392     -7.553163    
  4.285800     -7.898328    
  4.288194     -7.937301    
  4.290575     -7.816153    
  4.292943     -7.940807    
  4.295299     -7.954855    
  4.297641     -7.962545    
  4.299971     -7.969485    
  4.302289     -7.974226    
  4.304595     -7.981740    
  4.306888     -7.987946    
  4.309169     -8.001883    
  4.311438     -7.952246    
  4.313695     -8.295450    
  4.315941     -7.959709    
  4.318175     -8.016037    
  4.320398     -8.028296    
  4.322610     -8.032210    
  4.324810     -8.007542    
  4.326999     -7.948878    
  4.329177     -8.031926    
  4.331345     -8.059754    
  4.335647     -7.974902    
  4.339907     -8.037879    
  4.339994     -8.108235    
  4.343342     -8.075507    
  4.346664     -8.101705    
  4.349961     -8.119133    
  4.353233     -8.101612    
  4.353320     -8.111976    
  4.356074     -8.132714    
  4.356161     -8.128022    
  4.357582     -8.139237    
  4.357669     -8.139006    
  4.357779     -8.139480    
  4.357865     -8.139713    
  4.360696     -8.155743    
  4.363507     -8.165964    
  4.366301     -8.155323    
  4.369077     -8.175569    
  4.371835     -8.166298    
  4.374576     -8.194515    
  4.377300     -8.206974    
  4.380006     -8.211657    
  4.382696     -8.215455    
  4.385369     -8.223069    
  4.388026     -8.231087    
  4.390667     -8.240598    
  4.393292     -8.236440    
  4.395901     -8.258306    
  4.398495     -8.255053    
  4.401073     -8.275978    
  4.403636     -8.264572    
  4.406183     -8.293493    
  4.408716     -8.170190    
  4.411235     -8.240702    
  4.413739     -8.308799    
  4.416228     -8.307337    
  4.418703     -8.237231    
  4.421164     -8.037572    
  4.423612     -8.326415    
  4.426045     -8.349599    
  4.428465     -8.324961    
  4.430872     -8.362421    
  4.433266     -8.359677    
  4.435646     -8.366425    
  4.438013     -8.377174    
  4.440368     -8.387288    
  4.440455     -8.367451    
  4.442834     -8.357593    
  4.445201     -8.402423    
  4.445288     -8.402370    
  4.447569     -8.412754    
  4.449839     -8.406849    
  4.452097     -8.474742    
  4.454343     -8.397806    
  4.456578     -8.438393    
  4.458801     -8.407406    
  4.461013     -8.420941    
  4.463213     -8.452881    
  4.465403     -8.463461    
  4.467581     -8.467631    
  4.471906     -8.454891    
  4.476188     -8.493422    
  4.480428     -8.434441    
  4.512937     -8.609274    
  4.513024     -8.570133    
  4.514610     -8.588977    
  4.514697     -8.592642    
  4.515945     -8.607110    
  4.516032     -8.605609    
  4.516141     -8.606198    
  4.516228     -8.615141    
  4.585469     -8.795901    
  4.585556     -8.719383    
  4.648489     -8.940781    
  4.648576     -8.985546    
  4.649548     -8.997544    
  4.649635     -9.001291    
  4.649838     -9.004670    
  4.649925     -9.005791    
  4.650035     -9.007028    
  4.650122     -8.953283    
  4.709765     -9.191044    
  4.709852     -9.168845    
  4.765753     -9.353422    
  4.765822     -9.338387    
  4.765909     -9.337211    
  4.766019     -9.336594    
  4.766106     -9.308773    
  4.818480     -9.525752    
  4.818567     -9.494098    
  4.868094     -9.631995    
  4.868152     -9.559103    
  4.868214     -9.551461    
  4.868324     -9.549081    
  4.868411     -9.401176    
  4.915089     -9.936587    
  4.915176     -9.777829    
  4.959449     -9.876568    
  4.959536     -9.899002    
  4.959642     -9.899294    
  4.959729     -9.899257    
  4.959839     -9.898385    
  4.959925     -9.893315    
  5.002021     -10.01504    
  5.002108     -10.01699    
  5.041986     -10.12141    
  5.042072     -10.14397    
  5.042428     -10.14078    
  5.042515     -10.14020    
  5.042624     -10.13946    
  5.042711     -10.08122    
  5.081038     -10.23823    
  5.081125     -10.05772    
  5.117569     -10.36543    
  5.117655     -10.33972    
  5.118005     -10.33785    
  5.118092     -10.33713    
  5.118201     -10.33553    
  5.118288     -10.33996    
  5.153462     -10.42474    
  5.153549     -10.42635    
  5.187204     -10.52817    
  5.187290     -10.52259    
  5.187529     -10.52324    
  5.187616     -10.52347    
  5.187725     -10.52375    
  5.187812     -10.50654    
  5.251180     -10.68015    
  5.251266     -10.69322    
  5.251931     -10.69667    
  5.252018     -10.69727    
  5.252095     -10.69781    
  5.252182     -10.66324    
  5.311750     -10.83067    
  5.311837     -10.87346    
  5.311944     -10.87512    
  5.312021     -10.87534    
  5.312108     -10.86391    
  5.368079     -10.98394    
  5.368165     -11.00125    
  5.420736     -11.15738    
  5.420823     -11.13163    
  5.470384     -11.24657    
  5.470471     -11.25901    
  5.517346     -11.42638    
  5.517433     -11.41590    
  5.561899     -11.53343    
  5.561985     -11.52697    
  5.604277     -11.58017    
  5.604364     -11.64969    
  5.644684     -11.75698    
  5.644771     -11.74292    
  6.101351     -12.98307    
  6.318972     -13.63801    
  6.571403     -14.41566    
  6.845929     -15.35183    
  7.133075     -16.51617    
  7.426993     -18.16046    
  7.724423    -100.00000    
  8.023641    -100.00000    
  8.323763    -100.00000    
  8.624338     -25.73640    
  8.925140    -100.00000    
