#elapsed time	time step 	scale cont	scalingDen	<T>	<H+/H rad>	<H0/H rad>	<2*H2/H rad>	<He+/He rad>	<CO/H>	<redshift>	<ne/nH>
0.00000e+00	3.16228e+11	1.00000e+00	8.38886e-02	3.40000e+07	1.00000e+00	6.10023e-09	2.58532e-25	3.40972e-07	0.00000e+00	0.00000e+00	1.20806e+00
0.00000e+00	3.16228e+11	1.00000e+00	8.38886e-02	3.40000e+07	1.00000e+00	6.10023e-09	2.58470e-25	3.40972e-07	0.00000e+00	0.00000e+00	1.20882e+00
3.16228e+11	3.16228e+11	1.00000e+00	8.38886e-02	3.39955e+07	1.00000e+00	6.10106e-09	2.58585e-25	3.41021e-07	0.00000e+00	0.00000e+00	1.20906e+00
6.32456e+11	3.16228e+11	1.00000e+00	8.38886e-02	3.39945e+07	1.00000e+00	6.10125e-09	2.58628e-25	3.41032e-07	0.00000e+00	0.00000e+00	1.20907e+00
9.48683e+11	3.16228e+11	1.00000e+00	8.38886e-02	3.39936e+07	1.00000e+00	6.10141e-09	2.58659e-25	3.41042e-07	0.00000e+00	0.00000e+00	1.20907e+00
1.26491e+12	6.32456e+11	1.00000e+00	8.38886e-02	3.39919e+07	1.00000e+00	6.10171e-09	2.58718e-25	3.41060e-07	0.00000e+00	0.00000e+00	1.20907e+00
1.89737e+12	1.26491e+12	1.00000e+00	8.38886e-02	3.39884e+07	1.00000e+00	6.10236e-09	2.58836e-25	3.41099e-07	0.00000e+00	0.00000e+00	1.20907e+00
3.16228e+12	2.52982e+12	1.00000e+00	8.38886e-02	3.39813e+07	1.00000e+00	6.10366e-09	2.59072e-25	3.41175e-07	0.00000e+00	0.00000e+00	1.20907e+00
5.69210e+12	5.05964e+12	1.00000e+00	8.38886e-02	3.39673e+07	1.00000e+00	6.10623e-09	2.59545e-25	3.41327e-07	0.00000e+00	0.00000e+00	1.20907e+00
1.07517e+13	1.01193e+13	1.00000e+00	8.38886e-02	3.39392e+07	1.00000e+00	6.11140e-09	2.60495e-25	3.41633e-07	0.00000e+00	0.00000e+00	1.20907e+00
2.08710e+13	2.02386e+13	1.00000e+00	8.38886e-02	3.38831e+07	1.00000e+00	6.12175e-09	2.62406e-25	3.42246e-07	0.00000e+00	0.00000e+00	1.20907e+00
4.11096e+13	4.04772e+13	1.00000e+00	8.38886e-02	3.37709e+07	1.00000e+00	6.14253e-09	2.66272e-25	3.43476e-07	0.00000e+00	0.00000e+00	1.20907e+00
8.15868e+13	8.09543e+13	1.00000e+00	8.38886e-02	3.35469e+07	1.00000e+00	6.18443e-09	2.74187e-25	3.45957e-07	0.00000e+00	0.00000e+00	1.20907e+00
1.62541e+14	1.61909e+14	1.00000e+00	8.38886e-02	3.31005e+07	1.00000e+00	6.26965e-09	2.90786e-25	3.51007e-07	0.00000e+00	0.00000e+00	1.20907e+00
3.24450e+14	3.23817e+14	1.00000e+00	8.38886e-02	3.22134e+07	1.00000e+00	6.44601e-09	3.27329e-25	3.61471e-07	0.00000e+00	0.00000e+00	1.20907e+00
6.48267e+14	4.70356e+14	1.00000e+00	8.38886e-02	3.09360e+07	1.00000e+00	6.71776e-09	3.89611e-25	3.77631e-07	0.00000e+00	0.00000e+00	1.20907e+00
1.11862e+15	4.55617e+14	1.00000e+00	8.38886e-02	2.97079e+07	1.00000e+00	7.00107e-09	4.62561e-25	3.94524e-07	0.00000e+00	0.00000e+00	1.20906e+00
1.57424e+15	4.40876e+14	1.00000e+00	8.38886e-02	2.85273e+07	1.00000e+00	7.29642e-09	5.47661e-25	4.12184e-07	0.00000e+00	0.00000e+00	1.20906e+00
2.01512e+15	4.26117e+14	1.00000e+00	8.38886e-02	2.73922e+07	1.00000e+00	7.60436e-09	6.46533e-25	4.30652e-07	0.00000e+00	0.00000e+00	1.20906e+00
2.44123e+15	4.11330e+14	1.00000e+00	8.38886e-02	2.63008e+07	1.00000e+00	7.92552e-09	7.60902e-25	4.49969e-07	0.00000e+00	0.00000e+00	1.20906e+00
2.85256e+15	3.96475e+14	1.00000e+00	8.38886e-02	2.52513e+07	1.00000e+00	8.26048e-09	8.92604e-25	4.70179e-07	0.00000e+00	0.00000e+00	1.20905e+00
3.24904e+15	3.81579e+14	1.00000e+00	8.38886e-02	2.42420e+07	1.00000e+00	8.60996e-09	1.04357e-24	4.91332e-07	0.00000e+00	0.00000e+00	1.20905e+00
3.63062e+15	3.66597e+14	1.00000e+00	8.38886e-02	2.32713e+07	1.00000e+00	8.97462e-09	1.21578e-24	5.13476e-07	0.00000e+00	0.00000e+00	1.20904e+00
3.99722e+15	3.51565e+14	1.00000e+00	8.38886e-02	2.23377e+07	1.00000e+00	9.35522e-09	1.41131e-24	5.36665e-07	0.00000e+00	0.00000e+00	1.20904e+00
4.34878e+15	3.36468e+14	1.00000e+00	8.38886e-02	2.14397e+07	1.00000e+00	9.75254e-09	1.63224e-24	5.60958e-07	0.00000e+00	0.00000e+00	1.20904e+00
4.68525e+15	3.21323e+14	1.00000e+00	8.38886e-02	2.05758e+07	1.00000e+00	1.01675e-08	1.88074e-24	5.86421e-07	0.00000e+00	0.00000e+00	1.20903e+00
5.00657e+15	3.06108e+14	1.00000e+00	8.38886e-02	1.97446e+07	1.00000e+00	1.06010e-08	2.15897e-24	6.13120e-07	0.00000e+00	0.00000e+00	1.20903e+00
5.31268e+15	2.90845e+14	1.00000e+00	8.38886e-02	1.89447e+07	1.00000e+00	1.10539e-08	2.46912e-24	6.41130e-07	0.00000e+00	0.00000e+00	1.20902e+00
5.60352e+15	2.75549e+14	1.00000e+00	8.38886e-02	1.81750e+07	1.00000e+00	1.15275e-08	2.81344e-24	6.70527e-07	0.00000e+00	0.00000e+00	1.20901e+00
5.87907e+15	2.60253e+14	1.00000e+00	8.38886e-02	1.74342e+07	1.00000e+00	1.20227e-08	3.19423e-24	7.01397e-07	0.00000e+00	0.00000e+00	1.20900e+00
6.13933e+15	2.44998e+14	1.00000e+00	8.38886e-02	1.67213e+07	1.00000e+00	1.25407e-08	3.61379e-24	7.33823e-07	0.00000e+00	0.00000e+00	1.20900e+00
6.38432e+15	2.29876e+14	1.00000e+00	8.38886e-02	1.60355e+07	1.00000e+00	1.30825e-08	4.07440e-24	7.67894e-07	0.00000e+00	0.00000e+00	1.20899e+00
6.61420e+15	2.15001e+14	1.00000e+00	8.38886e-02	1.53760e+07	1.00000e+00	1.36492e-08	4.57845e-24	8.03695e-07	0.00000e+00	0.00000e+00	1.20898e+00
6.82920e+15	2.00481e+14	1.00000e+00	8.38886e-02	1.47421e+07	1.00000e+00	1.42416e-08	5.12818e-24	8.41304e-07	0.00000e+00	0.00000e+00	1.20896e+00
7.02968e+15	1.86499e+14	1.00000e+00	8.38886e-02	1.41335e+07	1.00000e+00	1.48604e-08	5.72574e-24	8.80788e-07	0.00000e+00	0.00000e+00	1.20895e+00
7.21618e+15	1.73252e+14	1.00000e+00	8.38886e-02	1.35498e+07	1.00000e+00	1.55062e-08	6.37334e-24	9.22209e-07	0.00000e+00	0.00000e+00	1.20894e+00
7.38943e+15	1.60881e+14	1.00000e+00	8.38886e-02	1.29908e+07	1.00000e+00	1.61792e-08	7.07297e-24	9.65617e-07	0.00000e+00	0.00000e+00	1.20892e+00
7.55031e+15	1.49534e+14	1.00000e+00	8.38886e-02	1.24559e+07	1.00000e+00	1.68799e-08	7.82675e-24	1.01106e-06	0.00000e+00	0.00000e+00	1.20891e+00
7.69985e+15	1.39290e+14	1.00000e+00	8.38886e-02	1.19446e+07	1.00000e+00	1.76086e-08	8.63716e-24	1.05859e-06	0.00000e+00	0.00000e+00	1.20889e+00
7.83914e+15	1.30158e+14	1.00000e+00	8.38886e-02	1.14560e+07	1.00000e+00	1.83659e-08	9.50698e-24	1.10829e-06	0.00000e+00	0.00000e+00	1.20887e+00
7.96930e+15	1.22081e+14	1.00000e+00	8.38886e-02	1.09892e+07	1.00000e+00	1.91528e-08	1.04398e-23	1.16024e-06	0.00000e+00	0.00000e+00	1.20885e+00
8.09138e+15	1.14944e+14	1.00000e+00	8.38886e-02	1.05429e+07	1.00000e+00	1.99705e-08	1.14398e-23	1.21459e-06	0.00000e+00	0.00000e+00	1.20884e+00
8.20632e+15	1.08617e+14	1.00000e+00	8.38886e-02	1.01160e+07	1.00000e+00	2.08206e-08	1.25118e-23	1.27145e-06	0.00000e+00	0.00000e+00	1.20882e+00
8.31494e+15	1.02968e+14	1.00000e+00	8.38886e-02	9.70759e+06	1.00000e+00	2.17048e-08	1.36614e-23	1.33098e-06	0.00000e+00	0.00000e+00	1.20880e+00
8.41791e+15	9.78900e+13	1.00000e+00	8.38886e-02	9.31652e+06	1.00000e+00	2.26246e-08	1.48947e-23	1.39335e-06	0.00000e+00	0.00000e+00	1.20879e+00
8.51580e+15	9.32802e+13	1.00000e+00	8.38886e-02	8.94193e+06	1.00000e+00	2.35820e-08	1.62181e-23	1.45873e-06	0.00000e+00	0.00000e+00	1.20877e+00
8.60908e+15	8.90695e+13	1.00000e+00	8.38886e-02	8.58221e+06	1.00000e+00	2.45810e-08	1.76432e-23	1.52746e-06	0.00000e+00	0.00000e+00	1.20869e+00
8.69815e+15	8.50002e+13	1.00000e+00	8.38886e-02	8.23871e+06	1.00000e+00	2.56174e-08	1.91672e-23	1.59931e-06	0.00000e+00	0.00000e+00	1.20867e+00
8.78315e+15	8.15485e+13	1.00000e+00	8.38886e-02	7.90950e+06	1.00000e+00	2.66965e-08	2.08041e-23	1.67472e-06	0.00000e+00	0.00000e+00	1.20866e+00
8.86469e+15	7.83703e+13	1.00000e+00	8.38886e-02	7.59361e+06	1.00000e+00	2.78213e-08	2.25648e-23	1.75397e-06	0.00000e+00	0.00000e+00	1.20864e+00
8.94307e+15	7.53574e+13	1.00000e+00	8.38886e-02	7.29051e+06	1.00000e+00	2.89939e-08	2.44592e-23	1.83727e-06	0.00000e+00	0.00000e+00	1.20863e+00
9.01842e+15	7.25041e+13	1.00000e+00	8.38886e-02	6.99956e+06	1.00000e+00	3.02170e-08	2.64992e-23	1.92492e-06	0.00000e+00	0.00000e+00	1.20861e+00
9.09093e+15	6.97704e+13	1.00000e+00	8.38886e-02	6.72019e+06	1.00000e+00	3.14933e-08	2.86976e-23	2.01720e-06	0.00000e+00	0.00000e+00	1.20859e+00
9.16070e+15	6.71324e+13	1.00000e+00	8.38886e-02	6.45189e+06	1.00000e+00	3.28255e-08	3.10681e-23	2.11442e-06	0.00000e+00	0.00000e+00	1.20858e+00
9.22783e+15	6.45728e+13	1.00000e+00	8.38886e-02	6.19416e+06	1.00000e+00	3.42169e-08	3.36262e-23	2.21690e-06	0.00000e+00	0.00000e+00	1.20856e+00
9.29240e+15	6.20766e+13	1.00000e+00	8.38886e-02	5.94653e+06	1.00000e+00	3.56705e-08	3.63885e-23	2.32503e-06	0.00000e+00	0.00000e+00	1.20854e+00
9.35448e+15	5.96278e+13	1.00000e+00	8.38886e-02	5.70858e+06	1.00000e+00	3.71898e-08	3.93736e-23	2.43917e-06	0.00000e+00	0.00000e+00	1.20852e+00
9.41411e+15	5.72206e+13	1.00000e+00	8.38886e-02	5.47991e+06	1.00000e+00	3.87784e-08	4.26015e-23	2.55973e-06	0.00000e+00	0.00000e+00	1.20850e+00
9.47133e+15	5.48503e+13	1.00000e+00	8.38886e-02	5.26012e+06	1.00000e+00	4.04401e-08	4.60944e-23	2.68716e-06	0.00000e+00	0.00000e+00	1.20848e+00
9.52618e+15	5.25092e+13	1.00000e+00	8.38886e-02	5.04885e+06	1.00000e+00	4.21791e-08	4.98768e-23	2.82198e-06	0.00000e+00	0.00000e+00	1.20846e+00
9.57869e+15	5.01937e+13	1.00000e+00	8.38886e-02	4.84572e+06	1.00000e+00	4.40001e-08	5.39762e-23	2.96473e-06	0.00000e+00	0.00000e+00	1.20843e+00
9.62888e+15	4.78953e+13	1.00000e+00	8.38886e-02	4.65034e+06	1.00000e+00	4.59084e-08	5.84241e-23	3.11607e-06	0.00000e+00	0.00000e+00	1.20841e+00
9.67678e+15	4.55988e+13	1.00000e+00	8.38886e-02	4.46236e+06	1.00000e+00	4.79097e-08	6.32554e-23	3.27667e-06	0.00000e+00	0.00000e+00	1.20838e+00
9.72237e+15	4.32969e+13	1.00000e+00	8.38886e-02	4.28141e+06	1.00000e+00	5.00107e-08	6.85098e-23	3.44734e-06	0.00000e+00	0.00000e+00	1.20835e+00
9.76567e+15	4.09776e+13	1.00000e+00	8.38886e-02	4.10718e+06	1.00000e+00	5.22181e-08	7.42309e-23	3.62890e-06	0.00000e+00	0.00000e+00	1.20832e+00
9.80665e+15	3.86403e+13	1.00000e+00	8.38886e-02	3.93914e+06	1.00000e+00	5.45429e-08	8.04760e-23	3.82261e-06	0.00000e+00	0.00000e+00	1.20831e+00
9.84529e+15	3.62310e+13	1.00000e+00	8.38886e-02	3.77722e+06	1.00000e+00	5.69908e-08	8.72983e-23	4.02929e-06	0.00000e+00	0.00000e+00	1.20828e+00
9.88152e+15	3.38076e+13	1.00000e+00	8.38886e-02	3.62107e+06	1.00000e+00	5.95725e-08	9.47647e-23	4.25027e-06	0.00000e+00	0.00000e+00	1.20824e+00
9.91533e+15	3.13596e+13	1.00000e+00	8.38886e-02	3.47052e+06	1.00000e+00	6.22970e-08	1.02945e-22	4.48678e-06	0.00000e+00	0.00000e+00	1.20820e+00
9.94669e+15	2.89160e+13	1.00000e+00	8.38886e-02	3.32537e+06	1.00000e+00	6.51745e-08	1.11919e-22	4.74022e-06	0.00000e+00	0.00000e+00	1.20815e+00
9.97560e+15	2.64997e+13	1.00000e+00	8.38886e-02	3.18549e+06	1.00000e+00	6.82154e-08	1.21774e-22	5.01206e-06	0.00000e+00	0.00000e+00	1.20810e+00
1.00021e+16	2.41389e+13	1.00000e+00	8.38886e-02	3.05079e+06	1.00000e+00	7.14288e-08	1.32601e-22	5.30368e-06	0.00000e+00	0.00000e+00	1.20805e+00
1.00262e+16	2.18686e+13	1.00000e+00	8.38886e-02	2.92126e+06	1.00000e+00	7.48230e-08	1.44498e-22	5.61658e-06	0.00000e+00	0.00000e+00	1.20799e+00
1.00481e+16	1.97277e+13	1.00000e+00	8.38886e-02	2.79690e+06	1.00000e+00	7.84050e-08	1.57563e-22	5.95219e-06	0.00000e+00	0.00000e+00	1.20793e+00
1.00678e+16	1.77469e+13	1.00000e+00	8.38886e-02	2.67766e+06	1.00000e+00	8.21827e-08	1.71909e-22	6.31204e-06	0.00000e+00	0.00000e+00	1.20787e+00
1.00856e+16	1.59411e+13	1.00000e+00	8.38886e-02	2.56337e+06	1.00000e+00	8.61675e-08	1.87669e-22	6.69813e-06	0.00000e+00	0.00000e+00	1.20781e+00
1.01015e+16	1.43022e+13	1.00000e+00	8.38886e-02	2.45379e+06	1.00000e+00	9.03747e-08	2.05006e-22	7.11293e-06	0.00000e+00	0.00000e+00	1.20774e+00
1.01158e+16	1.28103e+13	1.00000e+00	8.38886e-02	2.34865e+06	1.00000e+00	9.48233e-08	2.24113e-22	7.55940e-06	0.00000e+00	0.00000e+00	1.20767e+00
1.01286e+16	1.14458e+13	1.00000e+00	8.38886e-02	2.24768e+06	1.00000e+00	9.95340e-08	2.45214e-22	8.04092e-06	0.00000e+00	0.00000e+00	1.20760e+00
1.01401e+16	1.01916e+13	1.00000e+00	8.38886e-02	2.15073e+06	1.00000e+00	1.04526e-07	2.68543e-22	8.56083e-06	0.00000e+00	0.00000e+00	1.20753e+00
1.01503e+16	9.04443e+12	1.00000e+00	8.38886e-02	2.05778e+06	1.00000e+00	1.09812e-07	2.94335e-22	9.12212e-06	0.00000e+00	0.00000e+00	1.20746e+00
1.01593e+16	8.00922e+12	1.00000e+00	8.38886e-02	1.96965e+06	1.00000e+00	1.15350e-07	3.22500e-22	9.72174e-06	0.00000e+00	0.00000e+00	1.20755e+00
1.01673e+16	7.15979e+12	1.00000e+00	8.38886e-02	1.88495e+06	1.00000e+00	1.21231e-07	3.53790e-22	1.03714e-05	0.00000e+00	0.00000e+00	1.20748e+00
1.01745e+16	6.37315e+12	1.00000e+00	8.38886e-02	1.80430e+06	1.00000e+00	1.27422e-07	3.88209e-22	1.10695e-05	0.00000e+00	0.00000e+00	1.20741e+00
1.01809e+16	5.70308e+12	1.00000e+00	8.38886e-02	1.72778e+06	1.00000e+00	1.33913e-07	4.25923e-22	1.18168e-05	0.00000e+00	0.00000e+00	1.20733e+00
1.01866e+16	5.15144e+12	1.00000e+00	8.38886e-02	1.65522e+06	1.00000e+00	1.40715e-07	4.67228e-22	1.26165e-05	0.00000e+00	0.00000e+00	1.20726e+00
1.01917e+16	4.70000e+12	1.00000e+00	8.38886e-02	1.58632e+06	1.00000e+00	1.47848e-07	5.12498e-22	1.34732e-05	0.00000e+00	0.00000e+00	1.20719e+00
1.01964e+16	4.32885e+12	1.00000e+00	8.38886e-02	1.52080e+06	1.00000e+00	1.55339e-07	5.62196e-22	1.43927e-05	0.00000e+00	0.00000e+00	1.20712e+00
1.02007e+16	4.01891e+12	1.00000e+00	8.38886e-02	1.45836e+06	1.00000e+00	1.63220e-07	6.16854e-22	1.53816e-05	0.00000e+00	0.00000e+00	1.20706e+00
1.02048e+16	3.75502e+12	1.00000e+00	8.38886e-02	1.39877e+06	1.00000e+00	1.71526e-07	6.77090e-22	1.64475e-05	0.00000e+00	0.00000e+00	1.20699e+00
1.02085e+16	3.52561e+12	1.00000e+00	8.38886e-02	1.34181e+06	1.00000e+00	1.80293e-07	7.43597e-22	1.75988e-05	0.00000e+00	0.00000e+00	1.20693e+00
1.02120e+16	3.32209e+12	1.00000e+00	8.38886e-02	1.28735e+06	1.00000e+00	1.89554e-07	8.17186e-22	1.88436e-05	0.00000e+00	0.00000e+00	1.20676e+00
1.02154e+16	3.14074e+12	1.00000e+00	8.38886e-02	1.23512e+06	1.00000e+00	1.99366e-07	8.98717e-22	2.01946e-05	0.00000e+00	0.00000e+00	1.20671e+00
1.02185e+16	2.97113e+12	1.00000e+00	8.38886e-02	1.18515e+06	1.00000e+00	2.09744e-07	9.89037e-22	2.16590e-05	0.00000e+00	0.00000e+00	1.20666e+00
1.02215e+16	2.81869e+12	1.00000e+00	8.38886e-02	1.13725e+06	1.00000e+00	2.20747e-07	1.08935e-21	2.32510e-05	0.00000e+00	0.00000e+00	1.20661e+00
1.02243e+16	2.67705e+12	1.00000e+00	8.38886e-02	1.09134e+06	1.00000e+00	2.32418e-07	1.20090e-21	2.49837e-05	0.00000e+00	0.00000e+00	1.20656e+00
1.02270e+16	2.54523e+12	1.00000e+00	8.38886e-02	1.04732e+06	1.00000e+00	2.44806e-07	1.32507e-21	2.68718e-05	0.00000e+00	0.00000e+00	1.20652e+00
1.02295e+16	2.42240e+12	1.00000e+00	8.38886e-02	1.00513e+06	1.00000e+00	2.57958e-07	1.46341e-21	2.89316e-05	0.00000e+00	0.00000e+00	1.20647e+00
1.02319e+16	2.30839e+12	1.00000e+00	8.38886e-02	9.64699e+05	1.00000e+00	2.71922e-07	1.61763e-21	3.11803e-05	0.00000e+00	0.00000e+00	1.20642e+00
1.02343e+16	2.20310e+12	1.00000e+00	8.38886e-02	9.25951e+05	1.00000e+00	2.86759e-07	1.78976e-21	3.36388e-05	0.00000e+00	0.00000e+00	1.20638e+00
1.02365e+16	2.10590e+12	1.00000e+00	8.38886e-02	8.88798e+05	1.00000e+00	3.02542e-07	1.98221e-21	3.63316e-05	0.00000e+00	0.00000e+00	1.20633e+00
1.02386e+16	2.01513e+12	1.00000e+00	8.38886e-02	8.53160e+05	1.00000e+00	3.19347e-07	2.19773e-21	3.92866e-05	0.00000e+00	0.00000e+00	1.20629e+00
1.02406e+16	1.92965e+12	1.00000e+00	8.38886e-02	8.18942e+05	1.00000e+00	3.37271e-07	2.43962e-21	4.25371e-05	0.00000e+00	0.00000e+00	1.20625e+00
1.02425e+16	1.84734e+12	1.00000e+00	8.38886e-02	7.86073e+05	1.00000e+00	3.56410e-07	2.71164e-21	4.61205e-05	0.00000e+00	0.00000e+00	1.20621e+00
1.02444e+16	1.76718e+12	1.00000e+00	8.38886e-02	7.54474e+05	1.00000e+00	3.76881e-07	3.01825e-21	5.00814e-05	0.00000e+00	0.00000e+00	1.20617e+00
1.02461e+16	1.68778e+12	1.00000e+00	8.38886e-02	7.24077e+05	1.00000e+00	3.98811e-07	3.36471e-21	5.44710e-05	0.00000e+00	0.00000e+00	1.20613e+00
1.02478e+16	1.60813e+12	1.00000e+00	8.38886e-02	6.94818e+05	1.00000e+00	4.22343e-07	3.75713e-21	5.93491e-05	0.00000e+00	0.00000e+00	1.20608e+00
1.02494e+16	1.52757e+12	1.00000e+00	8.38886e-02	6.66652e+05	1.00000e+00	4.47624e-07	4.20258e-21	6.47833e-05	0.00000e+00	0.00000e+00	1.20604e+00
1.02509e+16	1.44621e+12	1.00000e+00	8.38886e-02	6.39548e+05	1.00000e+00	4.74805e-07	4.70912e-21	7.08493e-05	0.00000e+00	0.00000e+00	1.20600e+00
1.02524e+16	1.36497e+12	1.00000e+00	8.38886e-02	6.13484e+05	1.00000e+00	5.04042e-07	5.28584e-21	7.76321e-05	0.00000e+00	0.00000e+00	1.20596e+00
1.02538e+16	1.28514e+12	1.00000e+00	8.38886e-02	5.88444e+05	1.00000e+00	5.35492e-07	5.94321e-21	8.52271e-05	0.00000e+00	0.00000e+00	1.20592e+00
1.02550e+16	1.20805e+12	1.00000e+00	8.38886e-02	5.64415e+05	1.00000e+00	5.69318e-07	6.69311e-21	9.37422e-05	2.38221e-44	0.00000e+00	1.20587e+00
1.02562e+16	1.13501e+12	1.00000e+00	8.38886e-02	5.41372e+05	1.00000e+00	6.05691e-07	7.54910e-21	1.03302e-04	9.52883e-44	0.00000e+00	1.20583e+00
1.02574e+16	1.06667e+12	1.00000e+00	8.38886e-02	5.19288e+05	1.00000e+00	6.44827e-07	8.52766e-21	1.14054e-04	2.62043e-43	0.00000e+00	1.20578e+00
1.02584e+16	1.00326e+12	1.00000e+00	8.38886e-02	4.98124e+05	1.00000e+00	6.86968e-07	9.64823e-21	1.26173e-04	7.38484e-43	0.00000e+00	1.20574e+00
1.02595e+16	9.44530e+11	1.00000e+00	8.38886e-02	4.77833e+05	1.00000e+00	7.32403e-07	1.09342e-20	1.39870e-04	2.09774e-42	0.00000e+00	1.20569e+00
1.02604e+16	8.89718e+11	1.00000e+00	8.38886e-02	4.58362e+05	1.00000e+00	7.81480e-07	1.24141e-20	1.55404e-04	6.05361e-42	0.00000e+00	1.20565e+00
1.02613e+16	8.37771e+11	1.00000e+00	8.38886e-02	4.39663e+05	1.00000e+00	8.34590e-07	1.41220e-20	1.73083e-04	1.76592e-41	0.00000e+00	1.20561e+00
1.02621e+16	7.87923e+11	1.00000e+00	8.38886e-02	4.21688e+05	1.00000e+00	8.92186e-07	1.60994e-20	1.93279e-04	5.20961e-41	0.00000e+00	1.20556e+00
1.02629e+16	7.39389e+11	1.00000e+00	8.38886e-02	4.04395e+05	1.00000e+00	9.54785e-07	1.83966e-20	2.16444e-04	1.55334e-40	0.00000e+00	1.20551e+00
1.02637e+16	6.91634e+11	1.00000e+00	8.38886e-02	3.87749e+05	1.00000e+00	1.02297e-06	2.10741e-20	2.43122e-04	4.66599e-40	0.00000e+00	1.20547e+00
1.02643e+16	6.44410e+11	1.00000e+00	8.38886e-02	3.71723e+05	9.99999e-01	1.09735e-06	2.42044e-20	2.73957e-04	1.40692e-39	0.00000e+00	1.20542e+00
1.02650e+16	5.97874e+11	1.00000e+00	8.38886e-02	3.56298e+05	9.99999e-01	1.17862e-06	2.78736e-20	3.09716e-04	4.24188e-39	0.00000e+00	1.20537e+00
1.02656e+16	5.52424e+11	1.00000e+00	8.38886e-02	3.41470e+05	9.99999e-01	1.26745e-06	3.21829e-20	3.51289e-04	1.27354e-38	0.00000e+00	1.20531e+00
1.02661e+16	5.08854e+11	1.00000e+00	8.38886e-02	3.27229e+05	9.99999e-01	1.36460e-06	3.72538e-20	3.99739e-04	3.79513e-38	0.00000e+00	1.20526e+00
1.02666e+16	4.67696e+11	1.00000e+00	8.38886e-02	3.13572e+05	9.99999e-01	1.47084e-06	4.32282e-20	4.56305e-04	1.11921e-37	0.00000e+00	1.20520e+00
1.02671e+16	4.29561e+11	1.00000e+00	8.38886e-02	3.00497e+05	9.99999e-01	1.58695e-06	5.02731e-20	5.22441e-04	3.25970e-37	0.00000e+00	1.20513e+00
1.02675e+16	3.94890e+11	1.00000e+00	8.38886e-02	2.87992e+05	9.99999e-01	1.71391e-06	5.85937e-20	5.99888e-04	9.36752e-37	0.00000e+00	1.20507e+00
1.02679e+16	3.63773e+11	1.00000e+00	8.38886e-02	2.76043e+05	9.99999e-01	1.85274e-06	6.84352e-20	6.90721e-04	2.65526e-36	0.00000e+00	1.20500e+00
1.02683e+16	3.36146e+11	1.00000e+00	8.38886e-02	2.64626e+05	9.99999e-01	2.00469e-06	8.01008e-20	7.97465e-04	7.42692e-36	0.00000e+00	1.20492e+00
1.02686e+16	3.11664e+11	1.00000e+00	8.38886e-02	2.53727e+05	9.99998e-01	2.17102e-06	9.39495e-20	9.23053e-04	2.04981e-35	0.00000e+00	1.20485e+00
1.02690e+16	2.90198e+11	1.00000e+00	8.38886e-02	2.43321e+05	9.99998e-01	2.35327e-06	1.10425e-19	1.07103e-03	5.58625e-35	0.00000e+00	1.20477e+00
1.02692e+16	2.71434e+11	1.00000e+00	8.38886e-02	2.33386e+05	9.99998e-01	2.55315e-06	1.30056e-19	1.24566e-03	1.50432e-34	0.00000e+00	1.20485e+00
1.02695e+16	2.55043e+11	1.00000e+00	8.38886e-02	2.23941e+05	9.99998e-01	2.77154e-06	1.53455e-19	1.45110e-03	3.99480e-34	0.00000e+00	1.20460e+00
1.02698e+16	2.41905e+11	1.00000e+00	8.38886e-02	2.14856e+05	9.99998e-01	3.01329e-06	1.81661e-19	1.69546e-03	1.05560e-33	0.00000e+00	1.20450e+00
1.02700e+16	2.28817e+11	1.00000e+00	8.38886e-02	2.06188e+05	9.99997e-01	3.27906e-06	2.15520e-19	1.98412e-03	2.75030e-33	0.00000e+00	1.20441e+00
1.02702e+16	2.17715e+11	1.00000e+00	8.38886e-02	1.97902e+05	9.99997e-01	3.57208e-06	2.56351e-19	2.32564e-03	7.08757e-33	0.00000e+00	1.20431e+00
1.02705e+16	2.08007e+11	1.00000e+00	8.38886e-02	1.89978e+05	9.99997e-01	3.89569e-06	3.05744e-19	2.72956e-03	1.80693e-32	0.00000e+00	1.20420e+00
1.02707e+16	1.99478e+11	1.00000e+00	8.38886e-02	1.82392e+05	9.99997e-01	4.25392e-06	3.65731e-19	3.20695e-03	4.55818e-32	0.00000e+00	1.20409e+00
1.02709e+16	1.91835e+11	1.00000e+00	8.38886e-02	1.75126e+05	9.99996e-01	4.65117e-06	4.38837e-19	3.77010e-03	1.13702e-31	0.00000e+00	1.20397e+00
1.02711e+16	1.84953e+11	1.00000e+00	8.38886e-02	1.68164e+05	9.99996e-01	5.09250e-06	5.28257e-19	4.43259e-03	2.80297e-31	0.00000e+00	1.20384e+00
1.02712e+16	1.78712e+11	1.00000e+00	8.38886e-02	1.61493e+05	9.99995e-01	5.58373e-06	6.37925e-19	5.20914e-03	6.82408e-31	0.00000e+00	1.20396e+00
1.02714e+16	1.73040e+11	1.00000e+00	8.38886e-02	1.55114e+05	9.99995e-01	6.13007e-06	7.72865e-19	6.11395e-03	1.63782e-30	0.00000e+00	1.20381e+00
1.02716e+16	1.68317e+11	1.00000e+00	8.38886e-02	1.48980e+05	9.99994e-01	6.74226e-06	9.40267e-19	7.16636e-03	3.88558e-30	0.00000e+00	1.20366e+00
1.02718e+16	1.63523e+11	1.00000e+00	8.38886e-02	1.43098e+05	9.99994e-01	7.42773e-06	1.14828e-18	8.37942e-03	9.07373e-30	0.00000e+00	1.20348e+00
1.02719e+16	1.59121e+11	1.00000e+00	8.38886e-02	1.37457e+05	9.99993e-01	8.19684e-06	1.40786e-18	9.76785e-03	2.08453e-29	0.00000e+00	1.20329e+00
1.02721e+16	1.55079e+11	1.00000e+00	8.38886e-02	1.32045e+05	9.99992e-01	9.06150e-06	1.73323e-18	1.13448e-02	4.70728e-29	0.00000e+00	1.20308e+00
1.02722e+16	1.51372e+11	1.00000e+00	8.38886e-02	1.26855e+05	9.99991e-01	1.00355e-05	2.14283e-18	1.31210e-02	1.04398e-28	0.00000e+00	1.20284e+00
1.02724e+16	1.47997e+11	1.00000e+00	8.38886e-02	1.21877e+05	9.99990e-01	1.11352e-05	2.66092e-18	1.51051e-02	2.27221e-28	0.00000e+00	1.20259e+00
1.02725e+16	1.44932e+11	1.00000e+00	8.38886e-02	1.17102e+05	9.99989e-01	1.23793e-05	3.31932e-18	1.73022e-02	4.84997e-28	0.00000e+00	1.20230e+00
1.02727e+16	1.42161e+11	1.00000e+00	8.38886e-02	1.12522e+05	9.99987e-01	1.37900e-05	4.16011e-18	1.97146e-02	1.01464e-27	0.00000e+00	1.20200e+00
1.02728e+16	1.39694e+11	1.00000e+00	8.38886e-02	1.08127e+05	9.99986e-01	1.53935e-05	5.24035e-18	2.23413e-02	2.07989e-27	0.00000e+00	1.20141e+00
1.02730e+16	1.37486e+11	1.00000e+00	8.38886e-02	1.03899e+05	9.99984e-01	1.72260e-05	6.63721e-18	2.51802e-02	4.17974e-27	0.00000e+00	1.20107e+00
1.02731e+16	1.35134e+11	1.00000e+00	8.38886e-02	9.98534e+04	9.99982e-01	1.93136e-05	8.44544e-18	2.82157e-02	8.21296e-27	0.00000e+00	1.20071e+00
1.02732e+16	1.35134e+11	1.00000e+00	8.38886e-02	9.59227e+04	9.99979e-01	2.17375e-05	1.08416e-17	3.14927e-02	1.59845e-26	0.00000e+00	1.20032e+00
