#elapsed time	time step 	scale cont	scalingDen	<T>	<H+/H rad>	<H0/H rad>	<2*H2/H rad>	<He+/He rad>	<CO/H>	<redshift>	<ne/nH>
0.00000e+00	1.00000e+05	1.00000e+00	1.11365e+01	1.01216e+04	9.99987e-01	1.35036e-05	3.98097e-21	9.99109e-01	3.44640e-35	0.00000e+00	1.16493e+00
0.00000e+00	1.00000e+05	1.00000e+00	1.11365e+01	1.01216e+04	9.99987e-01	1.35038e-05	3.98111e-21	9.99109e-01	3.44662e-35	0.00000e+00	1.16495e+00
1.00000e+05	1.00000e+05	1.00000e+20	1.11365e+01	2.76563e+04	9.99994e-01	6.41035e-06	1.33028e-21	9.98244e-01	3.47247e-35	0.00000e+00	1.16510e+00
2.00000e+05	1.00000e+05	1.00000e+20	1.11365e+01	4.51912e+04	9.99994e-01	6.36153e-06	7.02875e-22	9.98244e-01	3.51272e-35	0.00000e+00	1.16510e+00
3.00000e+05	1.00000e+05	1.00000e+20	1.11365e+01	6.27259e+04	9.99994e-01	6.28671e-06	5.63328e-22	9.98244e-01	3.58887e-35	0.00000e+00	1.16510e+00
4.00000e+05	1.00000e+05	1.00000e+20	1.11365e+01	8.02598e+04	9.99994e-01	6.19431e-06	4.98856e-22	9.98244e-01	3.71789e-35	0.00000e+00	1.16510e+00
5.00000e+05	1.00000e+05	1.00000e+20	1.11365e+01	9.77927e+04	9.99994e-01	6.08872e-06	4.49756e-22	9.98242e-01	3.90954e-35	0.00000e+00	1.16510e+00
6.00000e+05	1.00000e+05	1.00000e+20	1.11365e+01	1.15324e+05	9.99994e-01	5.97286e-06	4.07522e-22	9.98235e-01	4.16562e-35	0.00000e+00	1.16510e+00
7.00000e+05	1.00000e+05	1.00000e+20	1.11365e+01	1.32853e+05	9.99994e-01	5.84887e-06	3.70142e-22	9.98221e-01	4.48127e-35	0.00000e+00	1.16510e+00
8.00000e+05	1.00000e+05	1.00000e+20	1.11365e+01	1.50380e+05	9.99995e-01	5.71849e-06	3.36691e-22	9.98196e-01	4.84691e-35	0.00000e+00	1.16511e+00
9.00000e+05	1.00000e+05	1.00000e+20	1.11365e+01	1.67903e+05	9.99995e-01	5.58317e-06	3.06572e-22	9.98156e-01	5.25036e-35	0.00000e+00	1.16512e+00
1.00000e+06	1.00000e+05	1.00000e+20	1.11365e+01	1.85424e+05	9.99995e-01	5.44414e-06	2.79350e-22	9.98096e-01	5.67856e-35	0.00000e+00	1.16513e+00
1.10000e+06	1.00000e+05	5.23327e+17	1.11365e+01	1.85501e+05	9.99995e-01	5.30930e-06	2.55036e-22	9.98036e-01	6.13052e-35	0.00000e+00	1.16514e+00
1.20000e+06	1.00000e+05	1.00000e+00	1.11365e+01	1.85486e+05	9.99995e-01	5.17854e-06	2.32902e-22	9.97977e-01	6.60482e-35	0.00000e+00	1.16514e+00
1.30000e+06	1.00000e+05	1.00000e+00	1.11365e+01	1.85470e+05	9.99995e-01	5.05176e-06	2.12732e-22	9.97917e-01	7.10018e-35	0.00000e+00	1.16516e+00
1.40000e+06	2.00000e+05	1.00000e+00	1.11365e+01	1.85441e+05	9.99996e-01	4.81312e-06	1.78913e-22	9.97798e-01	8.16536e-35	0.00000e+00	1.16518e+00
1.60000e+06	4.00000e+05	1.00000e+00	1.11365e+01	1.85382e+05	9.99996e-01	4.38896e-06	1.30205e-22	9.97560e-01	1.05338e-34	0.00000e+00	1.16523e+00
2.00000e+06	8.00000e+05	1.00000e+00	1.11365e+01	1.85263e+05	9.99997e-01	3.71054e-06	7.52583e-23	9.97085e-01	1.59101e-34	0.00000e+00	1.16533e+00
2.80000e+06	1.60000e+06	1.00000e+00	1.11365e+01	1.85028e+05	9.99998e-01	2.80666e-06	3.15981e-23	9.96143e-01	2.78942e-34	0.00000e+00	1.16552e+00
4.40000e+06	3.20000e+06	1.00000e+00	1.11365e+01	1.84560e+05	9.99998e-01	1.90440e-06	9.38671e-24	9.94282e-01	5.25049e-34	0.00000e+00	1.16567e+00
7.60000e+06	6.40000e+06	1.00000e+00	1.11365e+01	1.83621e+05	9.99999e-01	1.30719e-06	2.54512e-24	9.90646e-01	9.56014e-34	0.00000e+00	1.16664e+00
1.40000e+07	1.28000e+07	1.00000e+00	1.11365e+01	1.81833e+05	9.99999e-01	1.07830e-06	1.24858e-24	9.83684e-01	1.54866e-33	0.00000e+00	1.16806e+00
2.68000e+07	2.56000e+07	1.00000e+00	1.11365e+01	1.78456e+05	9.99999e-01	1.04967e-06	1.12253e-24	9.70876e-01	2.14038e-33	0.00000e+00	1.17065e+00
5.24000e+07	5.12000e+07	1.00000e+00	1.11365e+01	1.72380e+05	9.99999e-01	1.08947e-06	1.20612e-24	9.49016e-01	2.50707e-33	0.00000e+00	1.17220e+00
1.03600e+08	5.80958e+07	1.00000e+00	1.11365e+01	1.66067e+05	9.99999e-01	1.14194e-06	1.32538e-24	9.28129e-01	2.61820e-33	0.00000e+00	1.17572e+00
1.61696e+08	6.11376e+07	1.00000e+00	1.11365e+01	1.60124e+05	9.99999e-01	1.19573e-06	1.45421e-24	9.09616e-01	2.63697e-33	0.00000e+00	1.17890e+00
2.22833e+08	6.58847e+07	1.00000e+00	1.11365e+01	1.54399e+05	9.99999e-01	1.25148e-06	1.59474e-24	8.92878e-01	2.63469e-33	0.00000e+00	1.18176e+00
2.88718e+08	7.10724e+07	1.00000e+00	1.11365e+01	1.48876e+05	9.99999e-01	1.31122e-06	1.75214e-24	8.77765e-01	2.65228e-33	0.00000e+00	1.18659e+00
3.59791e+08	7.66404e+07	1.00000e+00	1.11365e+01	1.43680e+05	9.99999e-01	1.36789e-06	1.91158e-24	8.64181e-01	2.65801e-33	0.00000e+00	1.18666e+00
4.36431e+08	8.47669e+07	1.00000e+00	1.11365e+01	1.38413e+05	9.99999e-01	1.43127e-06	2.09773e-24	8.51803e-01	2.70305e-33	0.00000e+00	1.18875e+00
5.21198e+08	8.91062e+07	1.00000e+00	1.11365e+01	1.33457e+05	9.99999e-01	1.49547e-06	2.29635e-24	8.41089e-01	2.77562e-33	0.00000e+00	1.19060e+00
6.10304e+08	9.59779e+07	1.00000e+00	1.11365e+01	1.28679e+05	9.99999e-01	1.56356e-06	2.51700e-24	8.31625e-01	2.88759e-33	0.00000e+00	1.19387e+00
7.06282e+08	1.03395e+08	1.00000e+00	1.11365e+01	1.24151e+05	9.99999e-01	1.63094e-06	2.74836e-24	8.23295e-01	3.01440e-33	0.00000e+00	1.19516e+00
8.09677e+08	1.13403e+08	1.00000e+00	1.11365e+01	1.19694e+05	9.99999e-01	1.70180e-06	3.00456e-24	8.15907e-01	3.17255e-33	0.00000e+00	1.19630e+00
9.23080e+08	1.21801e+08	1.00000e+00	1.11365e+01	1.15395e+05	9.99999e-01	1.77330e-06	3.27824e-24	8.09539e-01	3.34996e-33	0.00000e+00	1.19598e+00
1.04488e+09	1.21801e+08	1.00000e+00	1.11365e+01	1.11451e+05	9.99999e-01	1.84628e-06	3.56931e-24	8.04398e-01	3.56343e-33	0.00000e+00	1.19796e+00
1.16668e+09	6.58778e+07	1.00000e+00	1.11365e+01	1.09473e+05	9.99999e-01	1.88358e-06	3.72512e-24	8.01917e-01	3.67304e-33	0.00000e+00	1.19799e+00
1.23256e+09	1.31756e+08	1.00000e+00	1.11365e+01	1.05838e+05	9.99998e-01	1.95520e-06	4.03545e-24	7.97934e-01	3.89927e-33	0.00000e+00	1.19799e+00
1.36431e+09	1.53448e+08	1.00000e+00	1.11365e+01	1.01999e+05	9.99998e-01	2.03799e-06	4.41065e-24	7.94314e-01	4.18440e-33	0.00000e+00	1.19944e+00
1.51776e+09	1.63085e+08	1.00000e+00	1.11365e+01	9.83549e+04	9.99998e-01	2.12056e-06	4.80716e-24	7.91333e-01	4.47300e-33	0.00000e+00	1.19983e+00
1.68085e+09	1.76078e+08	1.00000e+00	1.11365e+01	9.48000e+04	9.99998e-01	2.20638e-06	5.24208e-24	7.88875e-01	4.76898e-33	0.00000e+00	1.20015e+00
1.85693e+09	1.87825e+08	1.00000e+00	1.11365e+01	9.13688e+04	9.99998e-01	2.29369e-06	5.71057e-24	7.86903e-01	5.04994e-33	0.00000e+00	1.19982e+00
2.04475e+09	2.00058e+08	1.00000e+00	1.11365e+01	8.80363e+04	9.99998e-01	2.38511e-06	6.22722e-24	7.85353e-01	5.31810e-33	0.00000e+00	1.20007e+00
2.24481e+09	2.11401e+08	1.00000e+00	1.11365e+01	8.48417e+04	9.99998e-01	2.47846e-06	6.78501e-24	7.84166e-01	5.55011e-33	0.00000e+00	1.20026e+00
2.45621e+09	2.24576e+08	1.00000e+00	1.11365e+01	8.17577e+04	9.99998e-01	2.57437e-06	7.39117e-24	7.83281e-01	5.73258e-33	0.00000e+00	1.20039e+00
2.68079e+09	2.38141e+08	1.00000e+00	1.11365e+01	7.87805e+04	9.99998e-01	2.67285e-06	8.04993e-24	7.82648e-01	5.85175e-33	0.00000e+00	1.20048e+00
2.91893e+09	2.52060e+08	1.00000e+00	1.11365e+01	7.59068e+04	9.99997e-01	2.77393e-06	8.76602e-24	7.82226e-01	5.89634e-33	0.00000e+00	1.20053e+00
3.17099e+09	2.66319e+08	1.00000e+00	1.11365e+01	7.31334e+04	9.99997e-01	2.87761e-06	9.54451e-24	7.81979e-01	5.85872e-33	0.00000e+00	1.20055e+00
3.43731e+09	2.80912e+08	1.00000e+00	1.11365e+01	7.04574e+04	9.99997e-01	2.98391e-06	1.03910e-23	7.81876e-01	5.73584e-33	0.00000e+00	1.20054e+00
3.71822e+09	2.95850e+08	1.00000e+00	1.11365e+01	6.78763e+04	9.99997e-01	3.09282e-06	1.13115e-23	7.81892e-01	5.52973e-33	0.00000e+00	1.20052e+00
4.01407e+09	3.11209e+08	1.00000e+00	1.11365e+01	6.53870e+04	9.99997e-01	3.20437e-06	1.23130e-23	7.82005e-01	5.24724e-33	0.00000e+00	1.20048e+00
4.32528e+09	3.26984e+08	1.00000e+00	1.11365e+01	6.29871e+04	9.99997e-01	3.31854e-06	1.34029e-23	7.82198e-01	4.89959e-33	0.00000e+00	1.20042e+00
4.65226e+09	3.43270e+08	1.00000e+00	1.11365e+01	6.06735e+04	9.99997e-01	3.43553e-06	1.45906e-23	7.82460e-01	4.50202e-33	0.00000e+00	1.20041e+00
4.99553e+09	3.60088e+08	1.00000e+00	1.11365e+01	5.84457e+04	9.99997e-01	3.55489e-06	1.58818e-23	7.82781e-01	4.06960e-33	0.00000e+00	1.20033e+00
5.35562e+09	3.77864e+08	1.00000e+00	1.11365e+01	5.62978e+04	9.99997e-01	3.67698e-06	1.72900e-23	7.83154e-01	3.61958e-33	0.00000e+00	1.20024e+00
5.73348e+09	3.96175e+08	1.00000e+00	1.11365e+01	5.42292e+04	9.99997e-01	3.80176e-06	1.88255e-23	7.83574e-01	3.16854e-33	0.00000e+00	1.20014e+00
6.12966e+09	4.15423e+08	1.00000e+00	1.11365e+01	5.22374e+04	9.99996e-01	3.92913e-06	2.05001e-23	7.84039e-01	2.73066e-33	0.00000e+00	1.20002e+00
6.54508e+09	4.35802e+08	1.00000e+00	1.11365e+01	5.03193e+04	9.99996e-01	4.05933e-06	2.23298e-23	7.84549e-01	2.31801e-33	0.00000e+00	1.19992e+00
6.98088e+09	4.57330e+08	1.00000e+00	1.11365e+01	4.84749e+04	9.99996e-01	4.19212e-06	2.43273e-23	7.85103e-01	1.93952e-33	0.00000e+00	1.19981e+00
7.43821e+09	4.80784e+08	1.00000e+00	1.11365e+01	4.67000e+04	9.99996e-01	4.32765e-06	2.65117e-23	7.85704e-01	1.60039e-33	0.00000e+00	1.19970e+00
7.91900e+09	5.06002e+08	1.00000e+00	1.11365e+01	4.49921e+04	9.99996e-01	4.46596e-06	2.89028e-23	7.86355e-01	1.30326e-33	0.00000e+00	1.19958e+00
8.42500e+09	5.33183e+08	1.00000e+00	1.11365e+01	4.33487e+04	9.99996e-01	4.60711e-06	3.15232e-23	7.87059e-01	1.04831e-33	0.00000e+00	1.19946e+00
8.95818e+09	5.62566e+08	1.00000e+00	1.11365e+01	4.17676e+04	9.99996e-01	4.75114e-06	3.43980e-23	7.87820e-01	8.33764e-34	0.00000e+00	1.19932e+00
9.52075e+09	5.94445e+08	1.00000e+00	1.11365e+01	4.02464e+04	9.99996e-01	4.89818e-06	3.75567e-23	7.88643e-01	6.56492e-34	0.00000e+00	1.19920e+00
1.01152e+10	6.29095e+08	1.00000e+00	1.11365e+01	3.87833e+04	9.99995e-01	5.04813e-06	4.10291e-23	7.89535e-01	5.12394e-34	0.00000e+00	1.19905e+00
1.07443e+10	6.67012e+08	1.00000e+00	1.11365e+01	3.73753e+04	9.99995e-01	5.20119e-06	4.48543e-23	7.90501e-01	3.97008e-34	0.00000e+00	1.19888e+00
1.14113e+10	7.08241e+08	1.00000e+00	1.11365e+01	3.60206e+04	9.99995e-01	5.35731e-06	4.90714e-23	7.91550e-01	3.05871e-34	0.00000e+00	1.19868e+00
1.21195e+10	7.53295e+08	1.00000e+00	1.11365e+01	3.47170e+04	9.99995e-01	5.51691e-06	5.37338e-23	7.92688e-01	2.34805e-34	0.00000e+00	1.19852e+00
1.28728e+10	8.02405e+08	1.00000e+00	1.11365e+01	3.34634e+04	9.99995e-01	5.67963e-06	5.88865e-23	7.93926e-01	1.79966e-34	0.00000e+00	1.19831e+00
1.36752e+10	8.56796e+08	1.00000e+00	1.11365e+01	3.22568e+04	9.99994e-01	5.84564e-06	6.45937e-23	7.95273e-01	1.37980e-34	0.00000e+00	1.19806e+00
1.45320e+10	9.16184e+08	1.00000e+00	1.11365e+01	3.10957e+04	9.99994e-01	6.01545e-06	7.09334e-23	7.96742e-01	1.06109e-34	0.00000e+00	1.19785e+00
1.54482e+10	9.81481e+08	1.00000e+00	1.11365e+01	2.99796e+04	9.99994e-01	6.18851e-06	7.80091e-23	7.98343e-01	8.20461e-35	0.00000e+00	1.19759e+00
1.64297e+10	1.05455e+09	1.00000e+00	1.11365e+01	2.89051e+04	9.99994e-01	6.36506e-06	8.81308e-23	8.00092e-01	6.41557e-35	0.00000e+00	1.19726e+00
1.74843e+10	1.13469e+09	1.00000e+00	1.11365e+01	2.78703e+04	9.99994e-01	6.54562e-06	9.95233e-23	8.02005e-01	5.07004e-35	0.00000e+00	1.19695e+00
1.86189e+10	1.22246e+09	1.00000e+00	1.11365e+01	2.68746e+04	9.99994e-01	6.73020e-06	1.12346e-22	8.04097e-01	4.05992e-35	0.00000e+00	1.19665e+00
1.98414e+10	1.31985e+09	1.00000e+00	1.11365e+01	2.59166e+04	9.99993e-01	6.91832e-06	1.26770e-22	8.06386e-01	3.30092e-35	0.00000e+00	1.19628e+00
2.11613e+10	1.42820e+09	1.00000e+00	1.11365e+01	2.49938e+04	9.99993e-01	7.11016e-06	1.43025e-22	8.08893e-01	2.73013e-35	0.00000e+00	1.19581e+00
2.25895e+10	1.54736e+09	1.00000e+00	1.11365e+01	2.41049e+04	9.99993e-01	7.30684e-06	1.61405e-22	8.11638e-01	2.30268e-35	0.00000e+00	1.19543e+00
2.41368e+10	1.67832e+09	1.00000e+00	1.11365e+01	2.32501e+04	9.99993e-01	7.50657e-06	1.82112e-22	8.14641e-01	1.98268e-35	0.00000e+00	1.19487e+00
2.58151e+10	1.82594e+09	1.00000e+00	1.11365e+01	2.24259e+04	9.99992e-01	7.71108e-06	2.05584e-22	8.17931e-01	1.74510e-35	0.00000e+00	1.19433e+00
2.76411e+10	1.98747e+09	1.00000e+00	1.11365e+01	2.16331e+04	9.99992e-01	7.91960e-06	2.32151e-22	8.21529e-01	1.57118e-35	0.00000e+00	1.19374e+00
2.96286e+10	2.16907e+09	1.00000e+00	1.11365e+01	2.08697e+04	9.99992e-01	8.13229e-06	2.62286e-22	8.25464e-01	1.44688e-35	0.00000e+00	1.19310e+00
3.17976e+10	2.37197e+09	1.00000e+00	1.11365e+01	2.01348e+04	9.99992e-01	8.34916e-06	2.96514e-22	8.29764e-01	1.36207e-35	0.00000e+00	1.19239e+00
3.41696e+10	2.59944e+09	1.00000e+00	1.11365e+01	1.94271e+04	9.99992e-01	8.57026e-06	3.35464e-22	8.34458e-01	1.30929e-35	0.00000e+00	1.19162e+00
3.67690e+10	2.85450e+09	1.00000e+00	1.11365e+01	1.87459e+04	9.99991e-01	8.79552e-06	3.79839e-22	8.39574e-01	1.28318e-35	0.00000e+00	1.19079e+00
3.96235e+10	3.14225e+09	1.00000e+00	1.11365e+01	1.80905e+04	9.99991e-01	9.02486e-06	4.30457e-22	8.45141e-01	1.27978e-35	0.00000e+00	1.18988e+00
4.27658e+10	3.46900e+09	1.00000e+00	1.11365e+01	1.74598e+04	9.99991e-01	9.25824e-06	4.88282e-22	8.51187e-01	1.29623e-35	0.00000e+00	1.18889e+00
4.62348e+10	3.84167e+09	1.00000e+00	1.11365e+01	1.68533e+04	9.99991e-01	9.49555e-06	5.54420e-22	8.57738e-01	1.33042e-35	0.00000e+00	1.18782e+00
5.00765e+10	4.26970e+09	1.00000e+00	1.11365e+01	1.62700e+04	9.99990e-01	9.73665e-06	6.30156e-22	8.64818e-01	1.38083e-35	0.00000e+00	1.18666e+00
5.43462e+10	4.76409e+09	1.00000e+00	1.11365e+01	1.57094e+04	9.99990e-01	9.98137e-06	7.16964e-22	8.72442e-01	1.44633e-35	0.00000e+00	1.18541e+00
5.91103e+10	5.33944e+09	1.00000e+00	1.11365e+01	1.51707e+04	9.99990e-01	1.02295e-05	8.16544e-22	8.80621e-01	1.52609e-35	0.00000e+00	1.18408e+00
6.44497e+10	6.01532e+09	1.00000e+00	1.11365e+01	1.46535e+04	9.99990e-01	1.04809e-05	9.30842e-22	8.89351e-01	1.61946e-35	0.00000e+00	1.18266e+00
7.04650e+10	6.81692e+09	1.00000e+00	1.11365e+01	1.41573e+04	9.99989e-01	1.07352e-05	1.06205e-21	8.98614e-01	1.72595e-35	0.00000e+00	1.18115e+00
7.72819e+10	7.77944e+09	1.00000e+00	1.11365e+01	1.36817e+04	9.99989e-01	1.09921e-05	1.20671e-21	9.08370e-01	1.84049e-35	0.00000e+00	1.17956e+00
8.50614e+10	8.95188e+09	1.00000e+00	1.11365e+01	1.32266e+04	9.99989e-01	1.12511e-05	1.36938e-21	9.18555e-01	1.96472e-35	0.00000e+00	1.17790e+00
9.40133e+10	1.04061e+10	1.00000e+00	1.11365e+01	1.27919e+04	9.99989e-01	1.15116e-05	1.55433e-21	9.29071e-01	2.09965e-35	0.00000e+00	1.17619e+00
1.04419e+11	1.22501e+10	1.00000e+00	1.11365e+01	1.23780e+04	9.99988e-01	1.17728e-05	1.76389e-21	9.39778e-01	2.24463e-35	0.00000e+00	1.17446e+00
1.16669e+11	1.46530e+10	1.00000e+00	1.11365e+01	1.19855e+04	9.99988e-01	1.20334e-05	1.99996e-21	9.50490e-01	2.39875e-35	0.00000e+00	1.17272e+00
1.31322e+11	1.79011e+10	1.00000e+00	1.11365e+01	1.16158e+04	9.99988e-01	1.22919e-05	2.26362e-21	9.60962e-01	2.56077e-35	0.00000e+00	1.17103e+00
1.49224e+11	2.24938e+10	1.00000e+00	1.11365e+01	1.12706e+04	9.99988e-01	1.25457e-05	2.55420e-21	9.70884e-01	2.72881e-35	0.00000e+00	1.16943e+00
1.71717e+11	2.93808e+10	1.00000e+00	1.11365e+01	1.09540e+04	9.99987e-01	1.27906e-05	2.86701e-21	9.79875e-01	2.89938e-35	0.00000e+00	1.16799e+00
2.01098e+11	4.06582e+10	1.00000e+00	1.11365e+01	1.06720e+04	9.99987e-01	1.30210e-05	3.19148e-21	9.87505e-01	3.06802e-35	0.00000e+00	1.16688e+00
2.41756e+11	6.15396e+10	1.00000e+00	1.11365e+01	1.04348e+04	9.99987e-01	1.32214e-05	3.50245e-21	9.93334e-01	3.22045e-35	0.00000e+00	1.16584e+00
3.03296e+11	1.08320e+11	1.00000e+00	1.11365e+01	1.02569e+04	9.99987e-01	1.33797e-05	3.76421e-21	9.97043e-01	3.34570e-35	0.00000e+00	1.16531e+00
4.11616e+11	2.16639e+11	1.00000e+00	1.11365e+01	1.01592e+04	9.99987e-01	1.34689e-05	3.91918e-21	9.98661e-01	3.41797e-35	0.00000e+00	1.16504e+00
6.28255e+11	4.33279e+11	1.00000e+00	1.11365e+01	1.01277e+04	9.99987e-01	1.34979e-05	3.97086e-21	9.99055e-01	3.44170e-35	0.00000e+00	1.16494e+00
1.06153e+12	8.66558e+11	1.00000e+00	1.11365e+01	1.01221e+04	9.99987e-01	1.35033e-05	3.98022e-21	9.99106e-01	3.44620e-35	0.00000e+00	1.16495e+00
1.92809e+12	1.73312e+12	1.00000e+00	1.11365e+01	1.01216e+04	9.99987e-01	1.35038e-05	3.98111e-21	9.99109e-01	3.44668e-35	0.00000e+00	1.16496e+00
3.66121e+12	3.46623e+12	1.00000e+00	1.11365e+01	1.01216e+04	9.99987e-01	1.35039e-05	3.98115e-21	9.99110e-01	3.44670e-35	0.00000e+00	1.16496e+00
7.12744e+12	6.93246e+12	1.00000e+00	1.11365e+01	1.01216e+04	9.99987e-01	1.35038e-05	3.98113e-21	9.99110e-01	3.44665e-35	0.00000e+00	1.16495e+00
1.40599e+13	6.93246e+12	1.00000e+00	1.11365e+01	1.01216e+04	9.99987e-01	1.35038e-05	3.98113e-21	9.99110e-01	3.44665e-35	0.00000e+00	1.16495e+00
