#elapsed time	time step 	scale cont	scalingDen	<T>	<H+/H rad>	<H0/H rad>	<2*H2/H rad>	<He+/He rad>	<CO/H>	<redshift>	<ne/nH>
0.00000e+00	1.00000e+05	1.00000e+00	9.61254e+00	1.01308e+04	9.99988e-01	1.16485e-05	2.53509e-21	9.98972e-01	1.42289e-35	0.00000e+00	1.16496e+00
0.00000e+00	1.00000e+05	1.00000e+00	9.61254e+00	1.01308e+04	9.99988e-01	1.16487e-05	2.53519e-21	9.98972e-01	1.42299e-35	0.00000e+00	1.16498e+00
1.00000e+05	1.00000e+05	1.00000e+20	9.61254e+00	3.09177e+04	9.99995e-01	5.07568e-06	8.33051e-22	9.97802e-01	1.46463e-35	0.00000e+00	1.16518e+00
2.00000e+05	1.00000e+05	1.00000e+20	9.61254e+00	5.17052e+04	9.99995e-01	5.03474e-06	4.40424e-22	9.97802e-01	1.52221e-35	0.00000e+00	1.16518e+00
3.00000e+05	1.00000e+05	1.00000e+20	9.61254e+00	7.24921e+04	9.99995e-01	4.97227e-06	3.53584e-22	9.97802e-01	1.61072e-35	0.00000e+00	1.16518e+00
4.00000e+05	1.00000e+05	1.00000e+20	9.61254e+00	9.32781e+04	9.99995e-01	4.89544e-06	3.13607e-22	9.97801e-01	1.73823e-35	0.00000e+00	1.16518e+00
5.00000e+05	1.00000e+05	1.00000e+20	9.61254e+00	1.14063e+05	9.99995e-01	4.80805e-06	2.83001e-22	9.97796e-01	1.90603e-35	0.00000e+00	1.16518e+00
6.00000e+05	1.00000e+05	1.00000e+20	9.61254e+00	1.34845e+05	9.99996e-01	4.71264e-06	2.56514e-22	9.97783e-01	2.11011e-35	0.00000e+00	1.16518e+00
7.00000e+05	1.00000e+05	1.00000e+20	9.61254e+00	1.55624e+05	9.99996e-01	4.61109e-06	2.32979e-22	9.97757e-01	2.34314e-35	0.00000e+00	1.16518e+00
8.00000e+05	1.00000e+05	1.00000e+20	9.61254e+00	1.76401e+05	9.99996e-01	4.50489e-06	2.11870e-22	9.97715e-01	2.59628e-35	0.00000e+00	1.16520e+00
9.00000e+05	1.00000e+05	1.00000e+20	9.61254e+00	1.97173e+05	9.99996e-01	4.39523e-06	1.92841e-22	9.97651e-01	2.86052e-35	0.00000e+00	1.16521e+00
1.00000e+06	1.00000e+05	1.00000e+20	9.61254e+00	2.17943e+05	9.99996e-01	4.28312e-06	1.75633e-22	9.97560e-01	3.12754e-35	0.00000e+00	1.16522e+00
1.10000e+06	1.00000e+05	5.23327e+17	9.61254e+00	2.18034e+05	9.99996e-01	4.17443e-06	1.60204e-22	9.97470e-01	3.39726e-35	0.00000e+00	1.16523e+00
1.20000e+06	1.00000e+05	1.00000e+00	9.61254e+00	2.18015e+05	9.99996e-01	4.06906e-06	1.46167e-22	9.97379e-01	3.66943e-35	0.00000e+00	1.16525e+00
1.30000e+06	1.00000e+05	1.00000e+00	9.61254e+00	2.17996e+05	9.99996e-01	3.96692e-06	1.33384e-22	9.97289e-01	3.94384e-35	0.00000e+00	1.16527e+00
1.40000e+06	2.00000e+05	1.00000e+00	9.61254e+00	2.17959e+05	9.99997e-01	3.77479e-06	1.11979e-22	9.97108e-01	4.50037e-35	0.00000e+00	1.16531e+00
1.60000e+06	4.00000e+05	1.00000e+00	9.61254e+00	2.17885e+05	9.99997e-01	3.43368e-06	8.12102e-23	9.96748e-01	5.63540e-35	0.00000e+00	1.16538e+00
2.00000e+06	8.00000e+05	1.00000e+00	9.61254e+00	2.17737e+05	9.99997e-01	2.88921e-06	4.66093e-23	9.96029e-01	7.94033e-35	0.00000e+00	1.16552e+00
2.80000e+06	1.60000e+06	1.00000e+00	9.61254e+00	2.17444e+05	9.99998e-01	2.16625e-06	1.92780e-23	9.94600e-01	1.24572e-34	0.00000e+00	1.16580e+00
4.40000e+06	3.20000e+06	1.00000e+00	9.61254e+00	2.16862e+05	9.99999e-01	1.44828e-06	5.52978e-24	9.91778e-01	2.05222e-34	0.00000e+00	1.16606e+00
7.60000e+06	6.40000e+06	1.00000e+00	9.61254e+00	2.15689e+05	9.99999e-01	9.76341e-07	1.38358e-24	9.86262e-01	3.27416e-34	0.00000e+00	1.16745e+00
1.40000e+07	1.28000e+07	1.00000e+00	9.61254e+00	2.13473e+05	1.00000e+00	7.96645e-07	6.25853e-25	9.75708e-01	4.70574e-34	0.00000e+00	1.16839e+00
2.68000e+07	2.56000e+07	1.00000e+00	9.61254e+00	2.09206e+05	9.99999e-01	7.74612e-07	5.54406e-25	9.56325e-01	5.84944e-34	0.00000e+00	1.17121e+00
5.24000e+07	5.02043e+07	1.00000e+00	9.61254e+00	2.01726e+05	9.99999e-01	8.08567e-07	6.00510e-25	9.23688e-01	6.25244e-34	0.00000e+00	1.17956e+00
1.02604e+08	5.41556e+07	1.00000e+00	9.61254e+00	1.94755e+05	9.99999e-01	8.44342e-07	6.54613e-25	8.93579e-01	5.99776e-34	0.00000e+00	1.18111e+00
1.56760e+08	6.05262e+07	1.00000e+00	9.61254e+00	1.87536e+05	9.99999e-01	8.86060e-07	7.20297e-25	8.65094e-01	5.64002e-34	0.00000e+00	1.18588e+00
2.17286e+08	6.28879e+07	1.00000e+00	9.61254e+00	1.80835e+05	9.99999e-01	9.28039e-07	7.89826e-25	8.39966e-01	5.31286e-34	0.00000e+00	1.19017e+00
2.80174e+08	6.78897e+07	1.00000e+00	9.61254e+00	1.74382e+05	9.99999e-01	9.71533e-07	8.65546e-25	8.17007e-01	5.04381e-34	0.00000e+00	1.19405e+00
3.48064e+08	7.33795e+07	1.00000e+00	9.61254e+00	1.68153e+05	9.99999e-01	1.01668e-06	9.48142e-25	7.96078e-01	4.84843e-34	0.00000e+00	1.19758e+00
4.21443e+08	7.92401e+07	1.00000e+00	9.61254e+00	1.62144e+05	9.99999e-01	1.06349e-06	1.03818e-24	7.77087e-01	4.73201e-34	0.00000e+00	1.20078e+00
5.00683e+08	8.55214e+07	1.00000e+00	9.61254e+00	1.56346e+05	9.99999e-01	1.11201e-06	1.13627e-24	7.59929e-01	4.69705e-34	0.00000e+00	1.20368e+00
5.86205e+08	9.22524e+07	1.00000e+00	9.61254e+00	1.50752e+05	9.99999e-01	1.16228e-06	1.24309e-24	7.44498e-01	4.74672e-34	0.00000e+00	1.20629e+00
6.78457e+08	9.94491e+07	1.00000e+00	9.61254e+00	1.45356e+05	9.99999e-01	1.21601e-06	1.36246e-24	7.30666e-01	4.90977e-34	0.00000e+00	1.21072e+00
7.77906e+08	1.07141e+08	1.00000e+00	9.61254e+00	1.40265e+05	9.99999e-01	1.26705e-06	1.48323e-24	7.18325e-01	5.11338e-34	0.00000e+00	1.21071e+00
8.85048e+08	1.18097e+08	1.00000e+00	9.61254e+00	1.35123e+05	9.99999e-01	1.32389e-06	1.62366e-24	7.07191e-01	5.46006e-34	0.00000e+00	1.21258e+00
1.00314e+09	1.18097e+08	1.00000e+00	9.61254e+00	1.30484e+05	9.99999e-01	1.37890e-06	1.76653e-24	6.98005e-01	5.89612e-34	0.00000e+00	1.21417e+00
1.12124e+09	6.30182e+07	1.00000e+00	9.61254e+00	1.28127e+05	9.99999e-01	1.40848e-06	1.84612e-24	6.93580e-01	6.15834e-34	0.00000e+00	1.21517e+00
1.18426e+09	1.26036e+08	1.00000e+00	9.61254e+00	1.23892e+05	9.99999e-01	1.46501e-06	2.00349e-24	6.86274e-01	6.77393e-34	0.00000e+00	1.21751e+00
1.31030e+09	1.47464e+08	1.00000e+00	9.61254e+00	1.19488e+05	9.99999e-01	1.52646e-06	2.18395e-24	6.79373e-01	7.57170e-34	0.00000e+00	1.21862e+00
1.45776e+09	1.60049e+08	1.00000e+00	9.61254e+00	1.15182e+05	9.99999e-01	1.58917e-06	2.37872e-24	6.73391e-01	8.51399e-34	0.00000e+00	1.21830e+00
1.61781e+09	1.71247e+08	1.00000e+00	9.61254e+00	1.10970e+05	9.99999e-01	1.65742e-06	2.60002e-24	6.68328e-01	9.68748e-34	0.00000e+00	1.22023e+00
1.78906e+09	1.80478e+08	1.00000e+00	9.61254e+00	1.07009e+05	9.99999e-01	1.72472e-06	2.83100e-24	6.64126e-01	1.09898e-33	0.00000e+00	1.22081e+00
1.96953e+09	1.95012e+08	1.00000e+00	9.61254e+00	1.03133e+05	9.99999e-01	1.79492e-06	3.08490e-24	6.60599e-01	1.24708e-33	0.00000e+00	1.22129e+00
2.16455e+09	2.07587e+08	1.00000e+00	9.61254e+00	9.93939e+04	9.99999e-01	1.86719e-06	3.36045e-24	6.57720e-01	1.40915e-33	0.00000e+00	1.22166e+00
2.37213e+09	2.20698e+08	1.00000e+00	9.61254e+00	9.57837e+04	9.99999e-01	1.94066e-06	3.65681e-24	6.55409e-01	1.57857e-33	0.00000e+00	1.22130e+00
2.59283e+09	2.34220e+08	1.00000e+00	9.61254e+00	9.22755e+04	9.99999e-01	2.01780e-06	3.98405e-24	6.53595e-01	1.75545e-33	0.00000e+00	1.22159e+00
2.82705e+09	2.46424e+08	1.00000e+00	9.61254e+00	8.89162e+04	9.99999e-01	2.09653e-06	4.33683e-24	6.52217e-01	1.92918e-33	0.00000e+00	1.22181e+00
3.07347e+09	2.60898e+08	1.00000e+00	9.61254e+00	8.56735e+04	9.99999e-01	2.17746e-06	4.71992e-24	6.51198e-01	2.09305e-33	0.00000e+00	1.22196e+00
3.33437e+09	2.75723e+08	1.00000e+00	9.61254e+00	8.25439e+04	9.99999e-01	2.26060e-06	5.13595e-24	6.50487e-01	2.23851e-33	0.00000e+00	1.22205e+00
3.61010e+09	2.90892e+08	1.00000e+00	9.61254e+00	7.95240e+04	9.99998e-01	2.34597e-06	5.58781e-24	6.50034e-01	2.35715e-33	0.00000e+00	1.22211e+00
3.90099e+09	3.06407e+08	1.00000e+00	9.61254e+00	7.66103e+04	9.99998e-01	2.43400e-06	6.08042e-24	6.49799e-01	2.44315e-33	0.00000e+00	1.22234e+00
4.20740e+09	3.22257e+08	1.00000e+00	9.61254e+00	7.38063e+04	9.99998e-01	2.52325e-06	6.61073e-24	6.49745e-01	2.48639e-33	0.00000e+00	1.22210e+00
4.52965e+09	3.39292e+08	1.00000e+00	9.61254e+00	7.10890e+04	9.99998e-01	2.61590e-06	7.19295e-24	6.49845e-01	2.48825e-33	0.00000e+00	1.22221e+00
4.86894e+09	3.55055e+08	1.00000e+00	9.61254e+00	6.84799e+04	9.99998e-01	2.70986e-06	7.82046e-24	6.50071e-01	2.44410e-33	0.00000e+00	1.22199e+00
5.22400e+09	3.72762e+08	1.00000e+00	9.61254e+00	6.59569e+04	9.99998e-01	2.80669e-06	8.50634e-24	6.50407e-01	2.35820e-33	0.00000e+00	1.22191e+00
5.59676e+09	3.89789e+08	1.00000e+00	9.61254e+00	6.35293e+04	9.99998e-01	2.90567e-06	9.25132e-24	6.50835e-01	2.23468e-33	0.00000e+00	1.22181e+00
5.98655e+09	4.08019e+08	1.00000e+00	9.61254e+00	6.11902e+04	9.99998e-01	3.00710e-06	1.00627e-23	6.51346e-01	2.08035e-33	0.00000e+00	1.22176e+00
6.39457e+09	4.26949e+08	1.00000e+00	9.61254e+00	5.89385e+04	9.99998e-01	3.11059e-06	1.09446e-23	6.51930e-01	1.90241e-33	0.00000e+00	1.22163e+00
6.82152e+09	4.47025e+08	1.00000e+00	9.61254e+00	5.67686e+04	9.99998e-01	3.21647e-06	1.19057e-23	6.52584e-01	1.70955e-33	0.00000e+00	1.22149e+00
7.26854e+09	4.67792e+08	1.00000e+00	9.61254e+00	5.46792e+04	9.99997e-01	3.32470e-06	1.29533e-23	6.53303e-01	1.51029e-33	0.00000e+00	1.22135e+00
7.73634e+09	4.89686e+08	1.00000e+00	9.61254e+00	5.26679e+04	9.99997e-01	3.43520e-06	1.40952e-23	6.54089e-01	1.31222e-33	0.00000e+00	1.22116e+00
8.22602e+09	5.12925e+08	1.00000e+00	9.61254e+00	5.07315e+04	9.99997e-01	3.54819e-06	1.53428e-23	6.54941e-01	1.12205e-33	0.00000e+00	1.22101e+00
8.73895e+09	5.37508e+08	1.00000e+00	9.61254e+00	4.88694e+04	9.99997e-01	3.66347e-06	1.67044e-23	6.55862e-01	9.44914e-34	0.00000e+00	1.22084e+00
9.27645e+09	5.64280e+08	1.00000e+00	9.61254e+00	4.70781e+04	9.99997e-01	3.78115e-06	1.81926e-23	6.56856e-01	7.84196e-34	0.00000e+00	1.22066e+00
9.84073e+09	5.93201e+08	1.00000e+00	9.61254e+00	4.53546e+04	9.99997e-01	3.90127e-06	1.98212e-23	6.57928e-01	6.41854e-34	0.00000e+00	1.22047e+00
1.04339e+10	6.24391e+08	1.00000e+00	9.61254e+00	4.36963e+04	9.99997e-01	4.02389e-06	2.16054e-23	6.59086e-01	5.18587e-34	0.00000e+00	1.22027e+00
1.10583e+10	6.58128e+08	1.00000e+00	9.61254e+00	4.21009e+04	9.99997e-01	4.14904e-06	2.35622e-23	6.60336e-01	4.14029e-34	0.00000e+00	1.22006e+00
1.17165e+10	6.94690e+08	1.00000e+00	9.61254e+00	4.05661e+04	9.99997e-01	4.27676e-06	2.57106e-23	6.61685e-01	3.27021e-34	0.00000e+00	1.21983e+00
1.24111e+10	7.34453e+08	1.00000e+00	9.61254e+00	3.90896e+04	9.99996e-01	4.40725e-06	2.80741e-23	6.63145e-01	2.55906e-34	0.00000e+00	1.21961e+00
1.31456e+10	7.77757e+08	1.00000e+00	9.61254e+00	3.76695e+04	9.99996e-01	4.54013e-06	3.06721e-23	6.64725e-01	1.98654e-34	0.00000e+00	1.21931e+00
1.39234e+10	8.25232e+08	1.00000e+00	9.61254e+00	3.63023e+04	9.99996e-01	4.67599e-06	3.35396e-23	6.66437e-01	1.53238e-34	0.00000e+00	1.21903e+00
1.47486e+10	8.76480e+08	1.00000e+00	9.61254e+00	3.49873e+04	9.99996e-01	4.81461e-06	3.67042e-23	6.68293e-01	1.17695e-34	0.00000e+00	1.21872e+00
1.56251e+10	9.32829e+08	1.00000e+00	9.61254e+00	3.37222e+04	9.99996e-01	4.95610e-06	4.02027e-23	6.70308e-01	9.01824e-35	0.00000e+00	1.21838e+00
1.65579e+10	9.94609e+08	1.00000e+00	9.61254e+00	3.25049e+04	9.99996e-01	5.10053e-06	4.40763e-23	6.72499e-01	6.90841e-35	0.00000e+00	1.21802e+00
1.75525e+10	1.06229e+09	1.00000e+00	9.61254e+00	3.13337e+04	9.99995e-01	5.24795e-06	4.83715e-23	6.74882e-01	5.30321e-35	0.00000e+00	1.21762e+00
1.86148e+10	1.13678e+09	1.00000e+00	9.61254e+00	3.02073e+04	9.99995e-01	5.39836e-06	5.31393e-23	6.77477e-01	4.08961e-35	0.00000e+00	1.21719e+00
1.97516e+10	1.21944e+09	1.00000e+00	9.61254e+00	2.91232e+04	9.99995e-01	5.55189e-06	5.96130e-23	6.80309e-01	3.18286e-35	0.00000e+00	1.21673e+00
2.09710e+10	1.31035e+09	1.00000e+00	9.61254e+00	2.80797e+04	9.99995e-01	5.70859e-06	6.71602e-23	6.83399e-01	2.50246e-35	0.00000e+00	1.21622e+00
2.22814e+10	1.41045e+09	1.00000e+00	9.61254e+00	2.70752e+04	9.99995e-01	5.86853e-06	7.56354e-23	6.86774e-01	1.99140e-35	0.00000e+00	1.21566e+00
2.36918e+10	1.52076e+09	1.00000e+00	9.61254e+00	2.61083e+04	9.99995e-01	6.03175e-06	8.51610e-23	6.90461e-01	1.60772e-35	0.00000e+00	1.21506e+00
2.52126e+10	1.64247e+09	1.00000e+00	9.61254e+00	2.51774e+04	9.99995e-01	6.19829e-06	9.58765e-23	6.94491e-01	1.31975e-35	0.00000e+00	1.21439e+00
2.68550e+10	1.77692e+09	1.00000e+00	9.61254e+00	2.42812e+04	9.99994e-01	6.36818e-06	1.07944e-22	6.98896e-01	1.10375e-35	0.00000e+00	1.21367e+00
2.86319e+10	1.92576e+09	1.00000e+00	9.61254e+00	2.34184e+04	9.99994e-01	6.54144e-06	1.21550e-22	7.03711e-01	9.42051e-36	0.00000e+00	1.21288e+00
3.05577e+10	2.09075e+09	1.00000e+00	9.61254e+00	2.25878e+04	9.99994e-01	6.71809e-06	1.36909e-22	7.08973e-01	8.21603e-36	0.00000e+00	1.21202e+00
3.26485e+10	2.27416e+09	1.00000e+00	9.61254e+00	2.17881e+04	9.99994e-01	6.89811e-06	1.54270e-22	7.14721e-01	7.32758e-36	0.00000e+00	1.21107e+00
3.49226e+10	2.47841e+09	1.00000e+00	9.61254e+00	2.10182e+04	9.99994e-01	7.08150e-06	1.73918e-22	7.20998e-01	6.68429e-36	0.00000e+00	1.21004e+00
3.74010e+10	2.70654e+09	1.00000e+00	9.61254e+00	2.02771e+04	9.99994e-01	7.26822e-06	1.96187e-22	7.27846e-01	6.23414e-36	0.00000e+00	1.20892e+00
4.01076e+10	2.96221e+09	1.00000e+00	9.61254e+00	1.95636e+04	9.99993e-01	7.45827e-06	2.21465e-22	7.35310e-01	5.93888e-36	0.00000e+00	1.20770e+00
4.30698e+10	3.24882e+09	1.00000e+00	9.61254e+00	1.88768e+04	9.99993e-01	7.65158e-06	2.50195e-22	7.43435e-01	5.77066e-36	0.00000e+00	1.20637e+00
4.63186e+10	3.57184e+09	1.00000e+00	9.61254e+00	1.82160e+04	9.99993e-01	7.84803e-06	2.82885e-22	7.52264e-01	5.70900e-36	0.00000e+00	1.20492e+00
4.98904e+10	3.93843e+09	1.00000e+00	9.61254e+00	1.75803e+04	9.99993e-01	8.04893e-06	3.20233e-22	7.61843e-01	5.74288e-36	0.00000e+00	1.20357e+00
5.38289e+10	4.35659e+09	1.00000e+00	9.61254e+00	1.69703e+04	9.99993e-01	8.24941e-06	3.62491e-22	7.72208e-01	5.84848e-36	0.00000e+00	1.20166e+00
5.81855e+10	4.84797e+09	1.00000e+00	9.61254e+00	1.63810e+04	9.99992e-01	8.45503e-06	4.11083e-22	7.83426e-01	6.03063e-36	0.00000e+00	1.19983e+00
6.30334e+10	5.39102e+09	1.00000e+00	9.61254e+00	1.58160e+04	9.99992e-01	8.66274e-06	4.66486e-22	7.95471e-01	6.27794e-36	0.00000e+00	1.19786e+00
6.84244e+10	6.03593e+09	1.00000e+00	9.61254e+00	1.52731e+04	9.99992e-01	8.87282e-06	5.29830e-22	8.08384e-01	6.58570e-36	0.00000e+00	1.19575e+00
7.44604e+10	6.79279e+09	1.00000e+00	9.61254e+00	1.47519e+04	9.99992e-01	9.08503e-06	6.02277e-22	8.22165e-01	6.94986e-36	0.00000e+00	1.19351e+00
8.12532e+10	7.68982e+09	1.00000e+00	9.61254e+00	1.42518e+04	9.99992e-01	9.29911e-06	6.85143e-22	8.36788e-01	7.36705e-36	0.00000e+00	1.19112e+00
8.89430e+10	8.76565e+09	1.00000e+00	9.61254e+00	1.37724e+04	9.99991e-01	9.51476e-06	7.77082e-22	8.52197e-01	7.82167e-36	0.00000e+00	1.18862e+00
9.77086e+10	1.00739e+10	1.00000e+00	9.61254e+00	1.33136e+04	9.99991e-01	9.73162e-06	8.79069e-22	8.68297e-01	8.31017e-36	0.00000e+00	1.18600e+00
1.07783e+11	1.16918e+10	1.00000e+00	9.61254e+00	1.28752e+04	9.99991e-01	9.94921e-06	9.94591e-22	8.84940e-01	8.83941e-36	0.00000e+00	1.18329e+00
1.19474e+11	1.37366e+10	1.00000e+00	9.61254e+00	1.24575e+04	9.99991e-01	1.01670e-05	1.12504e-21	9.01919e-01	9.40646e-36	0.00000e+00	1.18054e+00
1.33211e+11	1.63871e+10	1.00000e+00	9.61254e+00	1.20612e+04	9.99990e-01	1.03841e-05	1.27154e-21	9.18951e-01	1.00076e-35	0.00000e+00	1.17778e+00
1.49598e+11	1.99471e+10	1.00000e+00	9.61254e+00	1.16873e+04	9.99990e-01	1.05994e-05	1.43475e-21	9.35667e-01	1.06383e-35	0.00000e+00	1.17508e+00
1.69545e+11	2.49405e+10	1.00000e+00	9.61254e+00	1.13375e+04	9.99990e-01	1.08112e-05	1.61446e-21	9.51596e-01	1.12926e-35	0.00000e+00	1.17251e+00
1.94486e+11	3.23352e+10	1.00000e+00	9.61254e+00	1.10156e+04	9.99990e-01	1.10164e-05	1.80807e-21	9.66154e-01	1.19588e-35	0.00000e+00	1.17017e+00
2.26821e+11	4.42553e+10	1.00000e+00	9.61254e+00	1.07269e+04	9.99990e-01	1.12101e-05	2.00957e-21	9.78675e-01	1.26179e-35	0.00000e+00	1.16817e+00
2.71076e+11	6.57804e+10	1.00000e+00	9.61254e+00	1.04808e+04	9.99990e-01	1.13838e-05	2.20638e-21	9.88455e-01	1.32353e-35	0.00000e+00	1.16662e+00
3.36857e+11	1.12035e+11	1.00000e+00	9.61254e+00	1.02915e+04	9.99989e-01	1.15238e-05	2.37613e-21	9.94929e-01	1.37522e-35	0.00000e+00	1.16560e+00
4.48892e+11	2.24070e+11	1.00000e+00	9.61254e+00	1.01790e+04	9.99989e-01	1.16108e-05	2.48598e-21	9.98015e-01	1.40834e-35	0.00000e+00	1.16516e+00
6.72962e+11	4.48140e+11	1.00000e+00	9.61254e+00	1.01392e+04	9.99989e-01	1.16418e-05	2.52638e-21	9.98844e-01	1.42027e-35	0.00000e+00	1.16499e+00
1.12110e+12	8.96280e+11	1.00000e+00	9.61254e+00	1.01316e+04	9.99989e-01	1.16481e-05	2.53438e-21	9.98963e-01	1.42277e-35	0.00000e+00	1.16499e+00
2.01738e+12	1.79256e+12	1.00000e+00	9.61254e+00	1.01308e+04	9.99989e-01	1.16487e-05	2.53515e-21	9.98972e-01	1.42298e-35	0.00000e+00	1.16498e+00
3.80994e+12	3.58512e+12	1.00000e+00	9.61254e+00	1.01308e+04	9.99989e-01	1.16487e-05	2.53518e-21	9.98972e-01	1.42299e-35	0.00000e+00	1.16498e+00
7.39506e+12	7.17024e+12	1.00000e+00	9.61254e+00	1.01308e+04	9.99989e-01	1.16488e-05	2.53522e-21	9.98972e-01	1.42303e-35	0.00000e+00	1.16499e+00
1.45653e+13	7.17024e+12	1.00000e+00	9.61254e+00	1.01308e+04	9.99989e-01	1.16487e-05	2.53519e-21	9.98972e-01	1.42299e-35	0.00000e+00	1.16498e+00
