#elapsed time	time step 	scale cont	scalingDen	<T>	<H+/H rad>	<H0/H rad>	<2*H2/H rad>	<He+/He rad>	<CO/H>	<redshift>	<ne/nH>
0.00000e+00	1.00000e+05	1.00000e+00	1.55743e+01	1.01072e+04	9.99981e-01	1.89029e-05	1.09005e-20	9.99353e-01	2.73191e-34	0.00000e+00	1.16487e+00
0.00000e+00	1.00000e+05	1.00000e+00	1.55743e+01	1.01072e+04	9.99981e-01	1.89031e-05	1.09008e-20	9.99353e-01	2.73208e-34	0.00000e+00	1.16489e+00
1.00000e+05	1.00000e+05	1.00000e+20	1.55743e+01	2.23607e+04	9.99989e-01	1.05417e-05	3.82667e-21	9.98910e-01	2.72346e-34	0.00000e+00	1.16497e+00
2.00000e+05	1.00000e+05	1.00000e+20	1.55743e+01	3.46145e+04	9.99989e-01	1.04712e-05	2.02348e-21	9.98910e-01	2.71495e-34	0.00000e+00	1.16497e+00
3.00000e+05	1.00000e+05	1.00000e+20	1.55743e+01	4.68679e+04	9.99990e-01	1.03620e-05	1.60628e-21	9.98910e-01	2.71197e-34	0.00000e+00	1.16497e+00
4.00000e+05	1.00000e+05	1.00000e+20	1.55743e+01	5.91210e+04	9.99990e-01	1.02262e-05	1.41293e-21	9.98910e-01	2.72062e-34	0.00000e+00	1.16497e+00
5.00000e+05	1.00000e+05	1.00000e+20	1.55743e+01	7.13735e+04	9.99990e-01	1.00700e-05	1.26929e-21	9.98910e-01	2.74707e-34	0.00000e+00	1.16497e+00
6.00000e+05	1.00000e+05	1.00000e+20	1.55743e+01	8.36253e+04	9.99990e-01	9.89725e-06	1.14822e-21	9.98909e-01	2.79648e-34	0.00000e+00	1.16497e+00
7.00000e+05	1.00000e+05	1.00000e+20	1.55743e+01	9.58760e+04	9.99990e-01	9.71060e-06	1.04237e-21	9.98906e-01	2.87225e-34	0.00000e+00	1.16498e+00
8.00000e+05	1.00000e+05	1.00000e+20	1.55743e+01	1.08125e+05	9.99990e-01	9.51233e-06	9.48321e-22	9.98900e-01	2.97570e-34	0.00000e+00	1.16498e+00
9.00000e+05	1.00000e+05	1.00000e+20	1.55743e+01	1.20373e+05	9.99990e-01	9.30437e-06	8.63981e-22	9.98889e-01	3.10616e-34	0.00000e+00	1.16498e+00
1.00000e+06	1.00000e+05	1.00000e+20	1.55743e+01	1.32618e+05	9.99991e-01	9.08845e-06	7.87917e-22	9.98870e-01	3.26130e-34	0.00000e+00	1.16498e+00
1.10000e+06	1.00000e+05	5.23327e+17	1.55743e+01	1.32673e+05	9.99991e-01	8.87880e-06	7.20800e-22	9.98850e-01	3.44145e-34	0.00000e+00	1.16499e+00
1.20000e+06	1.00000e+05	1.00000e+00	1.55743e+01	1.32665e+05	9.99991e-01	8.67532e-06	6.59635e-22	9.98831e-01	3.64631e-34	0.00000e+00	1.16499e+00
1.30000e+06	1.00000e+05	1.00000e+00	1.55743e+01	1.32656e+05	9.99991e-01	8.47782e-06	6.03816e-22	9.98812e-01	3.87549e-34	0.00000e+00	1.16499e+00
1.40000e+06	2.00000e+05	1.00000e+00	1.55743e+01	1.32639e+05	9.99991e-01	8.10536e-06	5.09956e-22	9.98773e-01	4.42493e-34	0.00000e+00	1.16500e+00
1.60000e+06	4.00000e+05	1.00000e+00	1.55743e+01	1.32604e+05	9.99992e-01	7.44093e-06	3.74273e-22	9.98696e-01	5.84404e-34	0.00000e+00	1.16502e+00
2.00000e+06	8.00000e+05	1.00000e+00	1.55743e+01	1.32535e+05	9.99993e-01	6.37122e-06	2.20189e-22	9.98544e-01	9.68300e-34	0.00000e+00	1.16506e+00
2.80000e+06	1.60000e+06	1.00000e+00	1.55743e+01	1.32398e+05	9.99995e-01	4.93028e-06	9.60860e-23	9.98240e-01	1.98966e-33	0.00000e+00	1.16512e+00
4.40000e+06	3.20000e+06	1.00000e+00	1.55743e+01	1.32125e+05	9.99996e-01	3.46793e-06	3.11876e-23	9.97642e-01	4.45473e-33	0.00000e+00	1.16516e+00
7.60000e+06	6.40000e+06	1.00000e+00	1.55743e+01	1.31581e+05	9.99997e-01	2.47778e-06	1.01012e-23	9.96475e-01	9.44065e-33	0.00000e+00	1.16552e+00
1.40000e+07	1.28000e+07	1.00000e+00	1.55743e+01	1.30531e+05	9.99998e-01	2.08645e-06	5.72493e-24	9.94243e-01	1.73789e-32	0.00000e+00	1.16602e+00
2.68000e+07	2.56000e+07	1.00000e+00	1.55743e+01	1.28529e+05	9.99998e-01	2.03046e-06	5.24804e-24	9.90144e-01	2.69627e-32	0.00000e+00	1.16620e+00
5.24000e+07	5.12000e+07	1.00000e+00	1.55743e+01	1.24830e+05	9.99998e-01	2.09583e-06	5.59204e-24	9.83167e-01	3.57653e-32	0.00000e+00	1.16848e+00
1.03600e+08	6.91122e+07	1.00000e+00	1.55743e+01	1.20424e+05	9.99997e-01	2.19144e-06	6.13635e-24	9.75493e-01	4.08626e-32	0.00000e+00	1.16990e+00
1.72712e+08	7.55585e+07	1.00000e+00	1.55743e+01	1.16125e+05	9.99997e-01	2.29175e-06	6.74005e-24	9.68717e-01	4.35545e-32	0.00000e+00	1.17097e+00
2.48271e+08	8.16458e+07	1.00000e+00	1.55743e+01	1.11970e+05	9.99997e-01	2.39564e-06	7.40050e-24	9.62844e-01	4.52435e-32	0.00000e+00	1.17187e+00
3.29917e+08	8.80096e+07	1.00000e+00	1.55743e+01	1.07962e+05	9.99997e-01	2.50296e-06	8.12142e-24	9.57803e-01	4.65060e-32	0.00000e+00	1.17264e+00
4.17926e+08	9.48230e+07	1.00000e+00	1.55743e+01	1.04095e+05	9.99997e-01	2.61376e-06	8.90795e-24	9.53511e-01	4.75535e-32	0.00000e+00	1.17328e+00
5.12749e+08	1.02085e+08	1.00000e+00	1.55743e+01	1.00363e+05	9.99997e-01	2.72806e-06	9.76563e-24	9.49890e-01	4.84400e-32	0.00000e+00	1.17381e+00
6.14835e+08	1.09820e+08	1.00000e+00	1.55743e+01	9.67611e+04	9.99997e-01	2.84589e-06	1.07006e-23	9.46862e-01	4.91538e-32	0.00000e+00	1.17424e+00
7.24655e+08	1.18011e+08	1.00000e+00	1.55743e+01	9.32844e+04	9.99997e-01	2.96729e-06	1.17196e-23	9.44359e-01	4.96543e-32	0.00000e+00	1.17458e+00
8.42665e+08	1.26657e+08	1.00000e+00	1.55743e+01	8.99279e+04	9.99997e-01	3.09099e-06	1.28216e-23	9.42313e-01	4.98143e-32	0.00000e+00	1.17428e+00
9.69322e+08	1.35738e+08	1.00000e+00	1.55743e+01	8.66673e+04	9.99997e-01	3.22048e-06	1.40387e-23	9.40665e-01	4.97313e-32	0.00000e+00	1.17457e+00
1.10506e+09	1.35738e+08	1.00000e+00	1.55743e+01	8.37105e+04	9.99996e-01	3.34543e-06	1.52808e-23	9.39420e-01	4.93230e-32	0.00000e+00	1.17479e+00
1.24080e+09	7.31022e+07	1.00000e+00	1.55743e+01	8.21956e+04	9.99996e-01	3.41244e-06	1.59751e-23	9.38844e-01	4.89680e-32	0.00000e+00	1.17493e+00
1.31390e+09	1.46204e+08	1.00000e+00	1.55743e+01	7.94400e+04	9.99996e-01	3.53966e-06	1.73496e-23	9.37985e-01	4.80072e-32	0.00000e+00	1.17503e+00
1.46010e+09	1.68591e+08	1.00000e+00	1.55743e+01	7.65604e+04	9.99996e-01	3.68073e-06	1.89626e-23	9.37278e-01	4.65698e-32	0.00000e+00	1.17514e+00
1.62870e+09	1.79294e+08	1.00000e+00	1.55743e+01	7.37808e+04	9.99996e-01	3.82545e-06	2.07187e-23	9.36753e-01	4.47072e-32	0.00000e+00	1.17523e+00
1.80799e+09	1.90365e+08	1.00000e+00	1.55743e+01	7.10970e+04	9.99996e-01	3.97387e-06	2.26312e-23	9.36377e-01	4.24362e-32	0.00000e+00	1.17528e+00
1.99835e+09	2.01723e+08	1.00000e+00	1.55743e+01	6.85062e+04	9.99996e-01	4.12597e-06	2.47143e-23	9.36120e-01	3.97989e-32	0.00000e+00	1.17532e+00
2.20008e+09	2.13359e+08	1.00000e+00	1.55743e+01	6.60058e+04	9.99995e-01	4.28176e-06	2.69832e-23	9.35958e-01	3.68576e-32	0.00000e+00	1.17534e+00
2.41344e+09	2.25287e+08	1.00000e+00	1.55743e+01	6.35930e+04	9.99995e-01	4.44121e-06	2.94551e-23	9.35871e-01	3.36898e-32	0.00000e+00	1.17534e+00
2.63872e+09	2.37510e+08	1.00000e+00	1.55743e+01	6.12653e+04	9.99995e-01	4.60433e-06	3.21489e-23	9.35842e-01	3.03828e-32	0.00000e+00	1.17533e+00
2.87623e+09	2.50057e+08	1.00000e+00	1.55743e+01	5.90208e+04	9.99995e-01	4.77107e-06	3.50849e-23	9.35860e-01	2.70281e-32	0.00000e+00	1.17532e+00
3.12629e+09	2.63016e+08	1.00000e+00	1.55743e+01	5.68570e+04	9.99995e-01	4.94144e-06	3.82862e-23	9.35913e-01	2.37143e-32	0.00000e+00	1.17530e+00
3.38931e+09	2.76438e+08	1.00000e+00	1.55743e+01	5.47717e+04	9.99995e-01	5.11542e-06	4.17781e-23	9.35996e-01	2.05216e-32	0.00000e+00	1.17528e+00
3.66575e+09	2.90442e+08	1.00000e+00	1.55743e+01	5.27626e+04	9.99995e-01	5.29310e-06	4.55903e-23	9.36102e-01	1.75181e-32	0.00000e+00	1.17527e+00
3.95619e+09	3.05100e+08	1.00000e+00	1.55743e+01	5.08280e+04	9.99994e-01	5.47416e-06	4.97497e-23	9.36228e-01	1.47529e-32	0.00000e+00	1.17522e+00
4.26129e+09	3.20641e+08	1.00000e+00	1.55743e+01	4.89653e+04	9.99994e-01	5.65892e-06	5.42958e-23	9.36372e-01	1.22629e-32	0.00000e+00	1.17519e+00
4.58193e+09	3.37146e+08	1.00000e+00	1.55743e+01	4.71729e+04	9.99994e-01	5.84723e-06	5.92648e-23	9.36533e-01	1.00658e-32	0.00000e+00	1.17515e+00
4.91907e+09	3.54915e+08	1.00000e+00	1.55743e+01	4.54476e+04	9.99994e-01	6.03925e-06	6.47039e-23	9.36710e-01	8.16356e-33	0.00000e+00	1.17512e+00
5.27399e+09	3.73980e+08	1.00000e+00	1.55743e+01	4.37875e+04	9.99994e-01	6.23489e-06	7.06605e-23	9.36903e-01	6.54613e-33	0.00000e+00	1.17508e+00
5.64797e+09	3.94566e+08	1.00000e+00	1.55743e+01	4.21898e+04	9.99994e-01	6.43438e-06	7.71956e-23	9.37113e-01	5.19459e-33	0.00000e+00	1.17504e+00
6.04253e+09	4.16774e+08	1.00000e+00	1.55743e+01	4.06527e+04	9.99993e-01	6.63774e-06	8.43706e-23	9.37341e-01	4.08369e-33	0.00000e+00	1.17499e+00
6.45931e+09	4.40908e+08	1.00000e+00	1.55743e+01	3.91739e+04	9.99993e-01	6.84504e-06	9.22596e-23	9.37588e-01	3.18431e-33	0.00000e+00	1.17495e+00
6.90022e+09	4.67173e+08	1.00000e+00	1.55743e+01	3.77512e+04	9.99993e-01	7.05641e-06	1.00945e-22	9.37857e-01	2.46636e-33	0.00000e+00	1.17490e+00
7.36739e+09	4.95854e+08	1.00000e+00	1.55743e+01	3.63823e+04	9.99993e-01	7.27201e-06	1.10523e-22	9.38148e-01	1.90053e-33	0.00000e+00	1.17486e+00
7.86324e+09	5.27157e+08	1.00000e+00	1.55743e+01	3.50654e+04	9.99993e-01	7.49185e-06	1.21097e-22	9.38465e-01	1.45965e-33	0.00000e+00	1.17480e+00
8.39040e+09	5.61474e+08	1.00000e+00	1.55743e+01	3.37985e+04	9.99992e-01	7.71612e-06	1.32790e-22	9.38810e-01	1.11954e-33	0.00000e+00	1.17475e+00
8.95188e+09	5.99151e+08	1.00000e+00	1.55743e+01	3.25794e+04	9.99992e-01	7.94497e-06	1.45743e-22	9.39185e-01	8.59332e-34	0.00000e+00	1.17468e+00
9.55103e+09	6.40505e+08	1.00000e+00	1.55743e+01	3.14066e+04	9.99992e-01	8.17851e-06	1.60115e-22	9.39595e-01	6.61631e-34	0.00000e+00	1.17461e+00
1.01915e+10	6.86070e+08	1.00000e+00	1.55743e+01	3.02788e+04	9.99992e-01	8.41682e-06	1.76079e-22	9.40041e-01	5.12251e-34	0.00000e+00	1.17454e+00
1.08776e+10	7.36742e+08	1.00000e+00	1.55743e+01	2.91934e+04	9.99991e-01	8.66012e-06	1.98543e-22	9.40530e-01	4.01763e-34	0.00000e+00	1.17446e+00
1.16143e+10	7.92635e+08	1.00000e+00	1.55743e+01	2.81487e+04	9.99991e-01	8.90849e-06	2.25577e-22	9.41064e-01	3.19136e-34	0.00000e+00	1.17436e+00
1.24070e+10	8.54285e+08	1.00000e+00	1.55743e+01	2.71430e+04	9.99991e-01	9.16230e-06	2.56138e-22	9.41650e-01	2.56931e-34	0.00000e+00	1.17426e+00
1.32613e+10	9.22259e+08	1.00000e+00	1.55743e+01	2.61750e+04	9.99991e-01	9.42156e-06	2.90694e-22	9.42291e-01	2.10121e-34	0.00000e+00	1.17416e+00
1.41835e+10	9.97511e+08	1.00000e+00	1.55743e+01	2.52430e+04	9.99990e-01	9.68658e-06	3.29805e-22	9.42994e-01	1.74927e-34	0.00000e+00	1.17406e+00
1.51810e+10	1.08077e+09	1.00000e+00	1.55743e+01	2.43460e+04	9.99990e-01	9.95717e-06	3.74083e-22	9.43764e-01	1.48505e-34	0.00000e+00	1.17393e+00
1.62618e+10	1.17329e+09	1.00000e+00	1.55743e+01	2.34822e+04	9.99990e-01	1.02337e-05	4.24290e-22	9.44609e-01	1.28755e-34	0.00000e+00	1.17380e+00
1.74351e+10	1.27581e+09	1.00000e+00	1.55743e+01	2.26505e+04	9.99990e-01	1.05163e-05	4.81272e-22	9.45536e-01	1.14127e-34	0.00000e+00	1.17365e+00
1.87109e+10	1.38984e+09	1.00000e+00	1.55743e+01	2.18497e+04	9.99989e-01	1.08049e-05	5.46023e-22	9.46552e-01	1.03481e-34	0.00000e+00	1.17348e+00
2.01007e+10	1.51693e+09	1.00000e+00	1.55743e+01	2.10788e+04	9.99989e-01	1.10999e-05	6.19702e-22	9.47665e-01	9.59760e-35	0.00000e+00	1.17330e+00
2.16177e+10	1.65893e+09	1.00000e+00	1.55743e+01	2.03365e+04	9.99989e-01	1.14011e-05	7.03663e-22	9.48883e-01	9.10012e-35	0.00000e+00	1.17310e+00
2.32766e+10	1.81796e+09	1.00000e+00	1.55743e+01	1.96217e+04	9.99988e-01	1.17088e-05	7.99497e-22	9.50216e-01	8.81116e-35	0.00000e+00	1.17289e+00
2.50946e+10	1.99628e+09	1.00000e+00	1.55743e+01	1.89335e+04	9.99988e-01	1.20227e-05	9.09010e-22	9.51672e-01	8.69768e-35	0.00000e+00	1.17262e+00
2.70908e+10	2.19683e+09	1.00000e+00	1.55743e+01	1.82709e+04	9.99988e-01	1.23435e-05	1.03446e-21	9.53259e-01	8.73892e-35	0.00000e+00	1.17236e+00
2.92877e+10	2.42306e+09	1.00000e+00	1.55743e+01	1.76335e+04	9.99987e-01	1.26711e-05	1.17832e-21	9.54986e-01	8.91903e-35	0.00000e+00	1.17212e+00
3.17107e+10	2.68142e+09	1.00000e+00	1.55743e+01	1.70206e+04	9.99987e-01	1.30042e-05	1.34325e-21	9.56862e-01	9.22263e-35	0.00000e+00	1.17177e+00
3.43922e+10	2.97849e+09	1.00000e+00	1.55743e+01	1.64306e+04	9.99987e-01	1.33450e-05	1.53326e-21	9.58894e-01	9.64818e-35	0.00000e+00	1.17148e+00
3.73706e+10	3.31768e+09	1.00000e+00	1.55743e+01	1.58638e+04	9.99986e-01	1.36907e-05	1.75154e-21	9.61087e-01	1.01836e-34	0.00000e+00	1.17108e+00
4.06883e+10	3.71468e+09	1.00000e+00	1.55743e+01	1.53186e+04	9.99986e-01	1.40434e-05	2.00352e-21	9.63447e-01	1.08318e-34	0.00000e+00	1.17069e+00
4.44030e+10	4.17434e+09	1.00000e+00	1.55743e+01	1.47951e+04	9.99986e-01	1.44025e-05	2.29427e-21	9.65971e-01	1.15912e-34	0.00000e+00	1.17034e+00
4.85773e+10	4.71966e+09	1.00000e+00	1.55743e+01	1.42930e+04	9.99985e-01	1.47664e-05	2.62945e-21	9.68657e-01	1.24557e-34	0.00000e+00	1.16990e+00
5.32970e+10	5.37421e+09	1.00000e+00	1.55743e+01	1.38114e+04	9.99985e-01	1.51356e-05	3.00735e-21	9.71497e-01	1.34012e-34	0.00000e+00	1.16944e+00
5.86712e+10	6.16381e+09	1.00000e+00	1.55743e+01	1.33501e+04	9.99985e-01	1.55094e-05	3.42974e-21	9.74474e-01	1.44141e-34	0.00000e+00	1.16896e+00
6.48350e+10	7.13589e+09	1.00000e+00	1.55743e+01	1.29093e+04	9.99984e-01	1.58868e-05	3.91326e-21	9.77562e-01	1.55213e-34	0.00000e+00	1.16846e+00
7.19709e+10	8.35910e+09	1.00000e+00	1.55743e+01	1.24890e+04	9.99984e-01	1.62668e-05	4.46540e-21	9.80723e-01	1.67195e-34	0.00000e+00	1.16795e+00
8.03300e+10	9.93633e+09	1.00000e+00	1.55743e+01	1.20900e+04	9.99983e-01	1.66474e-05	5.09271e-21	9.83906e-01	1.80027e-34	0.00000e+00	1.16743e+00
9.02664e+10	1.20426e+10	1.00000e+00	1.55743e+01	1.17132e+04	9.99983e-01	1.70253e-05	5.79951e-21	9.87045e-01	1.93568e-34	0.00000e+00	1.16685e+00
1.02309e+11	1.49744e+10	1.00000e+00	1.55743e+01	1.13600e+04	9.99983e-01	1.73993e-05	6.58885e-21	9.90054e-01	2.07781e-34	0.00000e+00	1.16636e+00
1.17283e+11	1.92645e+10	1.00000e+00	1.55743e+01	1.10342e+04	9.99983e-01	1.77628e-05	7.45137e-21	9.92824e-01	2.22375e-34	0.00000e+00	1.16597e+00
1.36548e+11	2.60977e+10	1.00000e+00	1.55743e+01	1.07409e+04	9.99982e-01	1.81043e-05	8.36071e-21	9.95233e-01	2.36760e-34	0.00000e+00	1.16553e+00
1.62646e+11	3.82337e+10	1.00000e+00	1.55743e+01	1.04883e+04	9.99982e-01	1.84129e-05	9.26824e-21	9.97149e-01	2.50382e-34	0.00000e+00	1.16526e+00
2.00879e+11	6.34836e+10	1.00000e+00	1.55743e+01	1.02903e+04	9.99982e-01	1.86634e-05	1.00723e-20	9.98457e-01	2.61856e-34	0.00000e+00	1.16504e+00
2.64363e+11	1.26967e+11	1.00000e+00	1.55743e+01	1.01656e+04	9.99982e-01	1.88259e-05	1.06273e-20	9.99126e-01	2.69510e-34	0.00000e+00	1.16493e+00
3.91330e+11	2.53934e+11	1.00000e+00	1.55743e+01	1.01183e+04	9.99982e-01	1.88881e-05	1.08478e-20	9.99320e-01	2.72481e-34	0.00000e+00	1.16488e+00
6.45264e+11	5.07869e+11	1.00000e+00	1.55743e+01	1.01084e+04	9.99982e-01	1.89016e-05	1.08953e-20	9.99350e-01	2.73136e-34	0.00000e+00	1.16489e+00
1.15313e+12	1.01574e+12	1.00000e+00	1.55743e+01	1.01073e+04	9.99982e-01	1.89031e-05	1.09006e-20	9.99353e-01	2.73207e-34	0.00000e+00	1.16489e+00
2.16887e+12	2.03147e+12	1.00000e+00	1.55743e+01	1.01072e+04	9.99982e-01	1.89031e-05	1.09008e-20	9.99353e-01	2.73206e-34	0.00000e+00	1.16489e+00
4.20034e+12	4.06295e+12	1.00000e+00	1.55743e+01	1.01072e+04	9.99982e-01	1.89032e-05	1.09008e-20	9.99353e-01	2.73208e-34	0.00000e+00	1.16489e+00
8.26329e+12	8.12590e+12	1.00000e+00	1.55743e+01	1.01072e+04	9.99982e-01	1.89032e-05	1.09009e-20	9.99353e-01	2.73211e-34	0.00000e+00	1.16489e+00
1.63892e+13	8.12590e+12	1.00000e+00	1.55743e+01	1.01072e+04	9.99982e-01	1.89032e-05	1.09009e-20	9.99353e-01	2.73211e-34	0.00000e+00	1.16489e+00
