#elapsed time	time step 	scale cont	scalingDen	<T>	<H+/H rad>	<H0/H rad>	<2*H2/H rad>	<He+/He rad>	<CO/H>	<redshift>	<ne/nH>
0.00000e+00	1.00000e+05	1.00000e+00	1.26437e+01	1.01151e+04	9.99985e-01	1.53378e-05	5.84870e-21	9.99212e-01	7.48202e-35	0.00000e+00	1.16491e+00
0.00000e+00	1.00000e+05	1.00000e+00	1.26437e+01	1.01151e+04	9.99985e-01	1.53380e-05	5.84888e-21	9.99212e-01	7.48244e-35	0.00000e+00	1.16492e+00
1.00000e+05	1.00000e+05	1.00000e+20	1.26437e+01	2.55599e+04	9.99992e-01	7.73139e-06	1.97588e-21	9.98534e-01	7.49091e-35	0.00000e+00	1.16505e+00
2.00000e+05	1.00000e+05	1.00000e+20	1.26437e+01	4.10050e+04	9.99992e-01	7.67507e-06	1.04576e-21	9.98534e-01	7.51252e-35	0.00000e+00	1.16505e+00
3.00000e+05	1.00000e+05	1.00000e+20	1.26437e+01	5.64498e+04	9.99992e-01	7.58839e-06	8.37346e-22	9.98534e-01	7.57780e-35	0.00000e+00	1.16505e+00
4.00000e+05	1.00000e+05	1.00000e+20	1.26437e+01	7.18940e+04	9.99992e-01	7.48101e-06	7.40381e-22	9.98534e-01	7.71552e-35	0.00000e+00	1.16505e+00
5.00000e+05	1.00000e+05	1.00000e+20	1.26437e+01	8.73374e+04	9.99992e-01	7.35794e-06	6.66861e-22	9.98532e-01	7.94750e-35	0.00000e+00	1.16505e+00
6.00000e+05	1.00000e+05	1.00000e+20	1.26437e+01	1.02780e+05	9.99993e-01	7.22237e-06	6.03970e-22	9.98529e-01	8.28522e-35	0.00000e+00	1.16505e+00
7.00000e+05	1.00000e+05	1.00000e+20	1.26437e+01	1.18220e+05	9.99993e-01	7.07671e-06	5.48509e-22	9.98520e-01	8.72934e-35	0.00000e+00	1.16505e+00
8.00000e+05	1.00000e+05	1.00000e+20	1.26437e+01	1.33658e+05	9.99993e-01	6.92290e-06	4.98979e-22	9.98504e-01	9.27141e-35	0.00000e+00	1.16505e+00
9.00000e+05	1.00000e+05	1.00000e+20	1.26437e+01	1.49094e+05	9.99993e-01	6.76262e-06	4.54436e-22	9.98477e-01	9.89647e-35	0.00000e+00	1.16506e+00
1.00000e+06	1.00000e+05	1.00000e+20	1.26437e+01	1.64526e+05	9.99993e-01	6.59729e-06	4.14202e-22	9.98434e-01	1.05857e-34	0.00000e+00	1.16507e+00
1.10000e+06	1.00000e+05	5.23327e+17	1.26437e+01	1.64595e+05	9.99993e-01	6.43689e-06	3.78392e-22	9.98392e-01	1.13377e-34	0.00000e+00	1.16507e+00
1.20000e+06	1.00000e+05	1.00000e+00	1.26437e+01	1.64582e+05	9.99993e-01	6.28133e-06	3.45780e-22	9.98350e-01	1.21498e-34	0.00000e+00	1.16508e+00
1.30000e+06	1.00000e+05	1.00000e+00	1.26437e+01	1.64569e+05	9.99994e-01	6.13046e-06	3.16047e-22	9.98308e-01	1.30196e-34	0.00000e+00	1.16509e+00
1.40000e+06	2.00000e+05	1.00000e+00	1.26437e+01	1.64544e+05	9.99994e-01	5.84637e-06	2.66143e-22	9.98223e-01	1.49677e-34	0.00000e+00	1.16511e+00
1.60000e+06	4.00000e+05	1.00000e+00	1.26437e+01	1.64494e+05	9.99995e-01	5.34102e-06	1.94182e-22	9.98055e-01	1.95575e-34	0.00000e+00	1.16514e+00
2.00000e+06	8.00000e+05	1.00000e+00	1.26437e+01	1.64394e+05	9.99995e-01	4.53162e-06	1.12830e-22	9.97719e-01	3.07403e-34	0.00000e+00	1.16521e+00
2.80000e+06	1.60000e+06	1.00000e+00	1.26437e+01	1.64195e+05	9.99996e-01	3.45067e-06	4.79165e-23	9.97052e-01	5.76251e-34	0.00000e+00	1.16535e+00
4.40000e+06	3.20000e+06	1.00000e+00	1.26437e+01	1.63799e+05	9.99997e-01	2.36785e-06	1.46210e-23	9.95737e-01	1.17060e-33	0.00000e+00	1.16545e+00
7.60000e+06	6.40000e+06	1.00000e+00	1.26437e+01	1.63007e+05	9.99998e-01	1.64765e-06	4.20310e-24	9.93168e-01	2.28592e-33	0.00000e+00	1.16617e+00
1.40000e+07	1.28000e+07	1.00000e+00	1.26437e+01	1.61492e+05	9.99998e-01	1.36994e-06	2.17504e-24	9.88255e-01	3.93172e-33	0.00000e+00	1.16720e+00
2.68000e+07	2.56000e+07	1.00000e+00	1.26437e+01	1.58623e+05	9.99998e-01	1.33362e-06	1.97146e-24	9.79238e-01	5.72238e-33	0.00000e+00	1.16779e+00
5.24000e+07	5.12000e+07	1.00000e+00	1.26437e+01	1.53356e+05	9.99998e-01	1.38565e-06	2.12337e-24	9.63884e-01	7.14737e-33	0.00000e+00	1.17224e+00
1.03600e+08	5.96373e+07	1.00000e+00	1.26437e+01	1.47983e+05	9.99998e-01	1.44941e-06	2.32646e-24	9.48885e-01	7.76949e-33	0.00000e+00	1.17478e+00
1.63237e+08	6.56902e+07	1.00000e+00	1.26437e+01	1.42688e+05	9.99998e-01	1.51503e-06	2.54838e-24	9.35168e-01	8.02034e-33	0.00000e+00	1.17487e+00
2.28928e+08	7.08170e+07	1.00000e+00	1.26437e+01	1.37462e+05	9.99998e-01	1.58878e-06	2.80750e-24	9.22958e-01	8.25316e-33	0.00000e+00	1.17896e+00
2.99745e+08	7.45002e+07	1.00000e+00	1.26437e+01	1.32651e+05	9.99998e-01	1.65996e-06	3.07309e-24	9.12334e-01	8.43318e-33	0.00000e+00	1.18062e+00
3.74245e+08	8.21748e+07	1.00000e+00	1.26437e+01	1.27897e+05	9.99998e-01	1.73526e-06	3.36899e-24	9.02738e-01	8.64138e-33	0.00000e+00	1.18215e+00
4.56420e+08	8.84307e+07	1.00000e+00	1.26437e+01	1.23316e+05	9.99998e-01	1.81302e-06	3.69115e-24	8.94330e-01	8.89127e-33	0.00000e+00	1.18346e+00
5.44850e+08	9.52211e+07	1.00000e+00	1.26437e+01	1.18896e+05	9.99998e-01	1.89340e-06	4.04225e-24	8.87004e-01	9.18842e-33	0.00000e+00	1.18459e+00
6.40071e+08	1.02461e+08	1.00000e+00	1.26437e+01	1.14633e+05	9.99998e-01	1.97640e-06	4.42458e-24	8.80668e-01	9.53179e-33	0.00000e+00	1.18555e+00
7.42532e+08	1.10203e+08	1.00000e+00	1.26437e+01	1.10520e+05	9.99998e-01	2.06206e-06	4.84080e-24	8.75230e-01	9.91689e-33	0.00000e+00	1.18636e+00
8.52735e+08	1.18455e+08	1.00000e+00	1.26437e+01	1.06552e+05	9.99998e-01	2.15041e-06	5.29376e-24	8.70601e-01	1.03360e-32	0.00000e+00	1.18703e+00
9.71191e+08	1.27220e+08	1.00000e+00	1.26437e+01	1.02722e+05	9.99997e-01	2.24148e-06	5.78659e-24	8.66697e-01	1.07783e-32	0.00000e+00	1.18759e+00
1.09841e+09	1.27220e+08	1.00000e+00	1.26437e+01	9.92562e+04	9.99997e-01	2.32924e-06	6.28716e-24	8.63612e-01	1.11974e-32	0.00000e+00	1.18798e+00
1.22563e+09	6.92314e+07	1.00000e+00	1.26437e+01	9.74745e+04	9.99997e-01	2.37611e-06	6.56577e-24	8.62134e-01	1.14033e-32	0.00000e+00	1.18795e+00
1.29486e+09	1.38463e+08	1.00000e+00	1.26437e+01	9.42110e+04	9.99997e-01	2.46606e-06	7.12125e-24	8.59825e-01	1.17845e-32	0.00000e+00	1.18787e+00
1.43332e+09	1.59884e+08	1.00000e+00	1.26437e+01	9.07958e+04	9.99997e-01	2.56702e-06	7.77751e-24	8.57809e-01	1.21774e-32	0.00000e+00	1.18820e+00
1.59321e+09	1.70029e+08	1.00000e+00	1.26437e+01	8.75155e+04	9.99997e-01	2.67040e-06	8.48798e-24	8.56208e-01	1.25084e-32	0.00000e+00	1.18847e+00
1.76324e+09	1.81444e+08	1.00000e+00	1.26437e+01	8.43485e+04	9.99997e-01	2.77665e-06	9.26043e-24	8.54954e-01	1.27527e-32	0.00000e+00	1.18867e+00
1.94468e+09	1.93303e+08	1.00000e+00	1.26437e+01	8.12904e+04	9.99997e-01	2.88583e-06	1.01005e-23	8.53994e-01	1.28863e-32	0.00000e+00	1.18882e+00
2.13798e+09	2.05537e+08	1.00000e+00	1.26437e+01	7.83378e+04	9.99997e-01	2.99794e-06	1.10141e-23	8.53282e-01	1.28890e-32	0.00000e+00	1.18893e+00
2.34352e+09	2.18129e+08	1.00000e+00	1.26437e+01	7.54872e+04	9.99997e-01	3.11300e-06	1.20078e-23	8.52775e-01	1.27457e-32	0.00000e+00	1.18900e+00
2.56165e+09	2.31053e+08	1.00000e+00	1.26437e+01	7.27353e+04	9.99997e-01	3.23105e-06	1.30887e-23	8.52439e-01	1.24487e-32	0.00000e+00	1.18904e+00
2.79270e+09	2.44278e+08	1.00000e+00	1.26437e+01	7.00797e+04	9.99996e-01	3.35205e-06	1.42647e-23	8.52241e-01	1.19987e-32	0.00000e+00	1.18906e+00
3.03698e+09	2.57849e+08	1.00000e+00	1.26437e+01	6.75172e+04	9.99996e-01	3.47603e-06	1.55443e-23	8.52155e-01	1.14048e-32	0.00000e+00	1.18905e+00
3.29483e+09	2.71757e+08	1.00000e+00	1.26437e+01	6.50453e+04	9.99996e-01	3.60299e-06	1.69371e-23	8.52161e-01	1.06845e-32	0.00000e+00	1.18903e+00
3.56659e+09	2.86037e+08	1.00000e+00	1.26437e+01	6.26613e+04	9.99996e-01	3.73292e-06	1.84533e-23	8.52240e-01	9.86216e-33	0.00000e+00	1.18900e+00
3.85262e+09	3.00733e+08	1.00000e+00	1.26437e+01	6.03628e+04	9.99996e-01	3.86584e-06	2.01049e-23	8.52380e-01	8.96668e-33	0.00000e+00	1.18896e+00
4.15336e+09	3.15910e+08	1.00000e+00	1.26437e+01	5.81474e+04	9.99996e-01	4.00188e-06	2.19054e-23	8.52570e-01	8.03066e-33	0.00000e+00	1.18895e+00
4.46927e+09	3.31675e+08	1.00000e+00	1.26437e+01	5.60138e+04	9.99995e-01	4.14054e-06	2.38644e-23	8.52803e-01	7.08271e-33	0.00000e+00	1.18885e+00
4.80094e+09	3.48299e+08	1.00000e+00	1.26437e+01	5.39565e+04	9.99995e-01	4.28247e-06	2.60045e-23	8.53073e-01	6.15333e-33	0.00000e+00	1.18879e+00
5.14924e+09	3.65385e+08	1.00000e+00	1.26437e+01	5.19761e+04	9.99995e-01	4.42742e-06	2.83398e-23	8.53378e-01	5.26815e-33	0.00000e+00	1.18875e+00
5.51463e+09	3.83595e+08	1.00000e+00	1.26437e+01	5.00700e+04	9.99995e-01	4.57518e-06	3.08877e-23	8.53716e-01	4.44537e-33	0.00000e+00	1.18866e+00
5.89822e+09	4.03039e+08	1.00000e+00	1.26437e+01	4.82353e+04	9.99995e-01	4.72602e-06	3.36726e-23	8.54086e-01	3.69953e-33	0.00000e+00	1.18858e+00
6.30126e+09	4.23848e+08	1.00000e+00	1.26437e+01	4.64700e+04	9.99994e-01	4.87994e-06	3.67186e-23	8.54488e-01	3.03834e-33	0.00000e+00	1.18852e+00
6.72511e+09	4.46294e+08	1.00000e+00	1.26437e+01	4.47714e+04	9.99994e-01	5.03689e-06	4.00526e-23	8.54926e-01	2.46403e-33	0.00000e+00	1.18844e+00
7.17140e+09	4.70536e+08	1.00000e+00	1.26437e+01	4.31367e+04	9.99994e-01	5.19702e-06	4.37073e-23	8.55399e-01	1.97485e-33	0.00000e+00	1.18835e+00
7.64194e+09	4.96661e+08	1.00000e+00	1.26437e+01	4.15638e+04	9.99994e-01	5.36032e-06	4.77170e-23	8.55912e-01	1.56580e-33	0.00000e+00	1.18825e+00
8.13860e+09	5.24978e+08	1.00000e+00	1.26437e+01	4.00504e+04	9.99994e-01	5.52697e-06	5.21232e-23	8.56467e-01	1.22965e-33	0.00000e+00	1.18815e+00
8.66358e+09	5.55730e+08	1.00000e+00	1.26437e+01	3.85946e+04	9.99994e-01	5.69697e-06	5.69702e-23	8.57068e-01	9.57750e-34	0.00000e+00	1.18804e+00
9.21931e+09	5.89297e+08	1.00000e+00	1.26437e+01	3.71939e+04	9.99993e-01	5.87041e-06	6.23094e-23	8.57721e-01	7.40975e-34	0.00000e+00	1.18793e+00
9.80860e+09	6.25949e+08	1.00000e+00	1.26437e+01	3.58463e+04	9.99993e-01	6.04748e-06	6.82012e-23	8.58429e-01	5.70417e-34	0.00000e+00	1.18783e+00
1.04346e+10	6.66010e+08	1.00000e+00	1.26437e+01	3.45500e+04	9.99993e-01	6.22807e-06	7.47080e-23	8.59198e-01	4.37748e-34	0.00000e+00	1.18770e+00
1.11006e+10	7.10033e+08	1.00000e+00	1.26437e+01	3.33026e+04	9.99993e-01	6.41231e-06	8.19062e-23	8.60035e-01	3.35542e-34	0.00000e+00	1.18754e+00
1.18106e+10	7.58255e+08	1.00000e+00	1.26437e+01	3.21021e+04	9.99993e-01	6.60064e-06	8.98906e-23	8.60947e-01	2.57500e-34	0.00000e+00	1.18741e+00
1.25689e+10	8.11010e+08	1.00000e+00	1.26437e+01	3.09479e+04	9.99992e-01	6.79253e-06	9.87418e-23	8.61940e-01	1.98305e-34	0.00000e+00	1.18722e+00
1.33799e+10	8.69819e+08	1.00000e+00	1.26437e+01	2.98369e+04	9.99992e-01	6.98863e-06	1.09062e-22	8.63025e-01	1.53718e-34	0.00000e+00	1.18704e+00
1.42497e+10	9.34462e+08	1.00000e+00	1.26437e+01	2.87680e+04	9.99992e-01	7.18883e-06	1.23488e-22	8.64211e-01	1.20665e-34	0.00000e+00	1.18684e+00
1.51841e+10	1.00597e+09	1.00000e+00	1.26437e+01	2.77391e+04	9.99992e-01	7.39330e-06	1.39741e-22	8.65508e-01	9.57967e-35	0.00000e+00	1.18663e+00
1.61901e+10	1.08481e+09	1.00000e+00	1.26437e+01	2.67486e+04	9.99992e-01	7.60235e-06	1.58069e-22	8.66928e-01	7.71058e-35	0.00000e+00	1.18643e+00
1.72749e+10	1.17185e+09	1.00000e+00	1.26437e+01	2.57955e+04	9.99992e-01	7.81535e-06	1.78719e-22	8.68483e-01	6.30478e-35	0.00000e+00	1.18614e+00
1.84468e+10	1.26860e+09	1.00000e+00	1.26437e+01	2.48771e+04	9.99991e-01	8.03329e-06	2.02060e-22	8.70186e-01	5.24866e-35	0.00000e+00	1.18586e+00
1.97154e+10	1.37461e+09	1.00000e+00	1.26437e+01	2.39934e+04	9.99991e-01	8.25580e-06	2.28431e-22	8.72052e-01	4.45717e-35	0.00000e+00	1.18555e+00
2.10900e+10	1.49274e+09	1.00000e+00	1.26437e+01	2.31424e+04	9.99991e-01	8.48337e-06	2.58288e-22	8.74097e-01	3.86691e-35	0.00000e+00	1.18527e+00
2.25827e+10	1.62389e+09	1.00000e+00	1.26437e+01	2.23236e+04	9.99991e-01	8.71494e-06	2.92056e-22	8.76336e-01	3.42935e-35	0.00000e+00	1.18485e+00
2.42066e+10	1.77084e+09	1.00000e+00	1.26437e+01	2.15344e+04	9.99990e-01	8.95194e-06	3.30424e-22	8.78790e-01	3.11116e-35	0.00000e+00	1.18445e+00
2.59775e+10	1.93270e+09	1.00000e+00	1.26437e+01	2.07749e+04	9.99990e-01	9.19373e-06	3.73991e-22	8.81474e-01	2.88702e-35	0.00000e+00	1.18401e+00
2.79102e+10	2.11475e+09	1.00000e+00	1.26437e+01	2.00438e+04	9.99990e-01	9.44044e-06	4.23556e-22	8.84408e-01	2.73822e-35	0.00000e+00	1.18353e+00
3.00249e+10	2.31907e+09	1.00000e+00	1.26437e+01	1.93396e+04	9.99990e-01	9.69283e-06	4.80108e-22	8.87614e-01	2.65188e-35	0.00000e+00	1.18308e+00
3.23440e+10	2.54781e+09	1.00000e+00	1.26437e+01	1.86625e+04	9.99989e-01	9.94874e-06	5.44469e-22	8.91110e-01	2.61628e-35	0.00000e+00	1.18243e+00
3.48918e+10	2.80860e+09	1.00000e+00	1.26437e+01	1.80097e+04	9.99989e-01	1.02113e-05	6.18286e-22	8.94919e-01	2.62708e-35	0.00000e+00	1.18190e+00
3.77004e+10	3.09968e+09	1.00000e+00	1.26437e+01	1.73828e+04	9.99989e-01	1.04769e-05	7.02437e-22	8.99053e-01	2.67612e-35	0.00000e+00	1.18113e+00
4.08001e+10	3.43787e+09	1.00000e+00	1.26437e+01	1.67787e+04	9.99988e-01	1.07494e-05	7.99276e-22	9.03540e-01	2.76326e-35	0.00000e+00	1.18050e+00
4.42380e+10	3.81922e+09	1.00000e+00	1.26437e+01	1.61989e+04	9.99988e-01	1.10242e-05	9.09885e-22	9.08384e-01	2.88183e-35	0.00000e+00	1.17961e+00
4.80572e+10	4.26836e+09	1.00000e+00	1.26437e+01	1.56404e+04	9.99988e-01	1.13051e-05	1.03737e-21	9.13607e-01	3.03344e-35	0.00000e+00	1.17876e+00
5.23255e+10	4.78095e+09	1.00000e+00	1.26437e+01	1.51043e+04	9.99988e-01	1.15900e-05	1.18378e-21	9.19204e-01	3.21537e-35	0.00000e+00	1.17784e+00
5.71065e+10	5.38872e+09	1.00000e+00	1.26437e+01	1.45897e+04	9.99987e-01	1.18791e-05	1.35221e-21	9.25177e-01	3.42683e-35	0.00000e+00	1.17687e+00
6.24952e+10	6.11036e+09	1.00000e+00	1.26437e+01	1.40959e+04	9.99987e-01	1.21719e-05	1.54601e-21	9.31512e-01	3.66714e-35	0.00000e+00	1.17584e+00
6.86056e+10	6.97742e+09	1.00000e+00	1.26437e+01	1.36227e+04	9.99987e-01	1.24696e-05	1.75926e-21	9.38182e-01	3.92485e-35	0.00000e+00	1.17489e+00
7.55830e+10	8.03555e+09	1.00000e+00	1.26437e+01	1.31707e+04	9.99986e-01	1.27666e-05	1.99986e-21	9.45139e-01	4.20126e-35	0.00000e+00	1.17362e+00
8.36185e+10	9.36501e+09	1.00000e+00	1.26437e+01	1.27377e+04	9.99986e-01	1.30681e-05	2.27543e-21	9.52324e-01	4.50478e-35	0.00000e+00	1.17245e+00
9.29836e+10	1.10205e+10	1.00000e+00	1.26437e+01	1.23262e+04	9.99986e-01	1.33703e-05	2.58791e-21	9.59618e-01	4.83071e-35	0.00000e+00	1.17127e+00
1.04004e+11	1.32050e+10	1.00000e+00	1.26437e+01	1.19364e+04	9.99985e-01	1.36719e-05	2.94061e-21	9.66899e-01	5.17745e-35	0.00000e+00	1.17009e+00
1.17209e+11	1.61708e+10	1.00000e+00	1.26437e+01	1.15693e+04	9.99985e-01	1.39725e-05	3.33595e-21	9.73999e-01	5.54488e-35	0.00000e+00	1.16907e+00
1.33380e+11	2.03871e+10	1.00000e+00	1.26437e+01	1.12277e+04	9.99985e-01	1.42637e-05	3.76965e-21	9.80699e-01	5.91933e-35	0.00000e+00	1.16786e+00
1.53767e+11	2.68034e+10	1.00000e+00	1.26437e+01	1.09142e+04	9.99985e-01	1.45474e-05	4.23915e-21	9.86741e-01	6.30484e-35	0.00000e+00	1.16699e+00
1.80570e+11	3.73219e+10	1.00000e+00	1.26437e+01	1.06369e+04	9.99984e-01	1.48079e-05	4.72059e-21	9.91813e-01	6.67484e-35	0.00000e+00	1.16608e+00
2.17892e+11	5.72737e+10	1.00000e+00	1.26437e+01	1.04050e+04	9.99984e-01	1.50375e-05	5.18256e-21	9.95632e-01	7.01586e-35	0.00000e+00	1.16553e+00
2.75166e+11	1.02807e+11	1.00000e+00	1.26437e+01	1.02353e+04	9.99984e-01	1.52112e-05	5.55935e-21	9.97991e-01	7.28253e-35	0.00000e+00	1.16514e+00
3.77973e+11	2.05614e+11	1.00000e+00	1.26437e+01	1.01467e+04	9.99984e-01	1.53040e-05	5.77052e-21	9.98961e-01	7.42816e-35	0.00000e+00	1.16495e+00
5.83587e+11	4.11228e+11	1.00000e+00	1.26437e+01	1.01199e+04	9.99983e-01	1.53327e-05	5.83677e-21	9.99182e-01	7.47377e-35	0.00000e+00	1.16491e+00
9.94815e+11	8.22456e+11	1.00000e+00	1.26437e+01	1.01155e+04	9.99984e-01	1.53377e-05	5.84793e-21	9.99209e-01	7.48187e-35	0.00000e+00	1.16493e+00
1.81727e+12	1.64491e+12	1.00000e+00	1.26437e+01	1.01151e+04	9.99984e-01	1.53380e-05	5.84883e-21	9.99211e-01	7.48237e-35	0.00000e+00	1.16492e+00
3.46218e+12	3.28982e+12	1.00000e+00	1.26437e+01	1.01151e+04	9.99984e-01	1.53381e-05	5.84891e-21	9.99211e-01	7.48255e-35	0.00000e+00	1.16493e+00
6.75200e+12	6.57964e+12	1.00000e+00	1.26437e+01	1.01151e+04	9.99984e-01	1.53380e-05	5.84888e-21	9.99211e-01	7.48245e-35	0.00000e+00	1.16492e+00
1.33316e+13	6.57964e+12	1.00000e+00	1.26437e+01	1.01151e+04	9.99984e-01	1.53380e-05	5.84888e-21	9.99211e-01	7.48245e-35	0.00000e+00	1.16492e+00
