#elapsed time	time step 	scale cont	scalingDen	<T>	<H+/H rad>	<H0/H rad>	<2*H2/H rad>	<He+/He rad>	<CO/H>	<redshift>	<ne/nH>
0.00000e+00	1.00000e+04	1.00000e+00	1.99284e+00	1.03712e+04	9.99998e-01	2.37621e-06	1.40943e-23	9.95045e-01	2.33444e-39	0.00000e+00	1.16574e+00
0.00000e+00	1.00000e+04	1.00000e+00	1.99284e+00	1.03712e+04	9.99998e-01	2.37642e-06	1.40973e-23	9.95046e-01	2.33522e-39	0.00000e+00	1.16584e+00
1.00000e+04	1.00000e+04	1.00000e+20	1.99284e+00	1.06136e+05	1.00000e+00	4.24282e-07	1.17496e-23	7.55880e-02	4.13197e-39	0.00000e+00	1.31536e+00
2.00000e+04	1.00000e+04	1.00000e+20	1.99284e+00	2.02508e+05	1.00000e+00	4.23786e-07	9.60890e-24	7.55879e-02	5.91498e-39	0.00000e+00	1.31557e+00
3.00000e+04	1.00000e+04	1.00000e+20	1.99284e+00	2.98890e+05	1.00000e+00	4.23079e-07	7.87564e-24	7.55875e-02	7.67458e-39	0.00000e+00	1.31557e+00
4.00000e+04	1.00000e+04	1.00000e+20	1.99284e+00	3.95272e+05	1.00000e+00	4.22253e-07	6.52019e-24	7.55868e-02	9.40479e-39	0.00000e+00	1.31557e+00
5.00000e+04	1.00000e+04	1.00000e+20	1.99284e+00	4.91653e+05	1.00000e+00	4.21353e-07	5.47580e-24	7.55858e-02	1.11019e-38	0.00000e+00	1.31557e+00
6.00000e+04	1.00000e+04	1.00000e+20	1.99284e+00	5.88035e+05	1.00000e+00	4.20401e-07	4.67690e-24	7.55844e-02	1.27637e-38	0.00000e+00	1.31557e+00
7.00000e+04	1.00000e+04	1.00000e+20	1.99284e+00	6.84417e+05	1.00000e+00	4.19412e-07	4.06782e-24	7.55827e-02	1.43888e-38	0.00000e+00	1.31557e+00
8.00000e+04	1.00000e+04	1.00000e+20	1.99284e+00	7.80798e+05	1.00000e+00	4.18397e-07	3.60386e-24	7.55808e-02	1.59764e-38	0.00000e+00	1.31557e+00
9.00000e+04	1.00000e+04	1.00000e+20	1.99284e+00	8.77179e+05	1.00000e+00	4.17362e-07	3.25004e-24	7.55786e-02	1.75262e-38	0.00000e+00	1.31557e+00
1.00000e+05	1.00000e+04	1.00000e+20	1.99284e+00	9.73560e+05	1.00000e+00	4.16311e-07	2.97943e-24	7.55762e-02	1.90380e-38	0.00000e+00	1.31557e+00
1.10000e+05	1.00000e+04	5.23327e+17	1.99284e+00	9.74064e+05	1.00000e+00	4.15263e-07	2.77201e-24	7.55738e-02	2.05128e-38	0.00000e+00	1.31557e+00
1.20000e+05	1.00000e+04	1.00000e+00	1.99284e+00	9.74064e+05	1.00000e+00	4.14218e-07	2.61177e-24	7.55714e-02	2.19515e-38	0.00000e+00	1.31558e+00
1.30000e+05	1.00000e+04	1.00000e+00	1.99284e+00	9.74064e+05	1.00000e+00	4.13176e-07	2.48675e-24	7.55690e-02	2.33549e-38	0.00000e+00	1.31558e+00
1.40000e+05	2.00000e+04	1.00000e+00	1.99284e+00	9.74063e+05	1.00000e+00	4.11104e-07	2.32065e-24	7.55642e-02	2.60270e-38	0.00000e+00	1.31558e+00
1.60000e+05	4.00000e+04	1.00000e+00	1.99284e+00	9.74062e+05	1.00000e+00	4.07006e-07	2.13246e-24	7.55546e-02	3.08766e-38	0.00000e+00	1.31558e+00
2.00000e+05	8.00000e+04	1.00000e+00	1.99284e+00	9.74058e+05	1.00000e+00	3.98990e-07	1.91995e-24	7.55354e-02	3.89023e-38	0.00000e+00	1.31558e+00
2.80000e+05	1.60000e+05	1.00000e+00	1.99284e+00	9.74052e+05	1.00000e+00	3.83646e-07	1.63387e-24	7.54969e-02	5.00781e-38	0.00000e+00	1.31559e+00
4.40000e+05	3.20000e+05	1.00000e+00	1.99284e+00	9.74040e+05	1.00000e+00	3.55487e-07	1.22865e-24	7.54202e-02	6.14213e-38	0.00000e+00	1.31560e+00
7.60000e+05	6.40000e+05	1.00000e+00	1.99284e+00	9.74015e+05	1.00000e+00	3.07746e-07	7.44925e-25	7.52670e-02	6.73078e-38	0.00000e+00	1.31563e+00
1.40000e+06	1.28000e+06	1.00000e+00	1.99284e+00	9.73965e+05	1.00000e+00	2.37499e-07	3.26313e-25	7.49618e-02	6.39877e-38	0.00000e+00	1.31569e+00
2.68000e+06	2.56000e+06	1.00000e+00	1.99284e+00	9.73866e+05	1.00000e+00	1.55747e-07	9.27773e-26	7.43564e-02	5.15195e-38	0.00000e+00	1.31580e+00
5.24000e+06	5.12000e+06	1.00000e+00	1.99284e+00	9.73670e+05	1.00000e+00	8.86623e-08	1.61240e-26	7.31650e-02	3.29286e-38	0.00000e+00	1.31602e+00
1.03600e+07	1.02400e+07	1.00000e+00	1.99284e+00	9.73292e+05	1.00000e+00	5.40510e-08	2.08092e-27	7.08575e-02	1.51015e-38	0.00000e+00	1.31645e+00
2.06000e+07	2.04800e+07	1.00000e+00	1.99284e+00	9.72584e+05	1.00000e+00	4.38437e-08	6.19201e-28	6.65246e-02	4.54805e-39	0.00000e+00	1.31738e+00
4.10800e+07	4.09600e+07	1.00000e+00	1.99284e+00	9.71382e+05	1.00000e+00	4.22953e-08	5.22140e-28	5.88588e-02	8.96153e-40	0.00000e+00	1.31863e+00
8.20400e+07	8.19200e+07	1.00000e+00	1.99284e+00	9.69368e+05	1.00000e+00	4.23265e-08	5.20985e-28	4.66962e-02	1.55120e-40	0.00000e+00	1.32116e+00
1.63960e+08	1.63840e+08	1.00000e+00	1.99284e+00	9.66746e+05	1.00000e+00	4.25336e-08	5.25759e-28	3.07080e-02	4.62989e-41	0.00000e+00	1.32412e+00
3.27800e+08	3.27680e+08	1.00000e+00	1.99284e+00	9.63906e+05	1.00000e+00	4.27484e-08	5.30775e-28	1.50566e-02	1.81132e-41	0.00000e+00	1.32673e+00
6.55480e+08	6.55360e+08	1.00000e+00	1.99284e+00	9.61402e+05	1.00000e+00	4.29329e-08	5.35094e-28	4.90687e-03	5.09512e-42	0.00000e+00	1.32882e+00
1.31084e+09	6.55360e+08	1.00000e+00	1.99284e+00	9.60156e+05	1.00000e+00	4.30199e-08	5.37137e-28	1.61403e-03	1.44474e-42	0.00000e+00	1.32967e+00
1.96620e+09	1.31072e+09	1.00000e+00	1.99284e+00	9.59019e+05	1.00000e+00	4.30884e-08	5.38744e-28	3.38323e-04	2.39622e-43	0.00000e+00	1.33005e+00
3.27692e+09	2.62144e+09	1.00000e+00	1.99284e+00	9.57853e+05	1.00000e+00	4.31530e-08	5.40256e-28	6.45497e-05	2.10195e-44	0.00000e+00	1.33023e+00
5.89836e+09	5.24288e+09	1.00000e+00	1.99284e+00	9.56509e+05	1.00000e+00	4.32246e-08	5.41931e-28	3.35480e-05	1.40130e-45	0.00000e+00	1.33033e+00
1.11412e+10	1.04858e+10	1.00000e+00	1.99284e+00	9.54679e+05	1.00000e+00	4.33192e-08	5.44151e-28	3.18436e-05	0.00000e+00	0.00000e+00	1.33036e+00
2.16270e+10	2.09715e+10	1.00000e+00	1.99284e+00	9.51761e+05	1.00000e+00	4.34728e-08	5.47765e-28	3.19704e-05	0.00000e+00	0.00000e+00	1.33048e+00
4.25985e+10	4.19430e+10	1.00000e+00	1.99284e+00	9.46824e+05	1.00000e+00	4.37320e-08	5.53885e-28	3.22789e-05	0.00000e+00	0.00000e+00	1.33058e+00
8.45416e+10	8.38861e+10	1.00000e+00	1.99284e+00	9.38103e+05	1.00000e+00	4.41954e-08	5.64906e-28	3.28376e-05	0.00000e+00	0.00000e+00	1.33070e+00
1.68428e+11	1.67772e+11	1.00000e+00	1.99284e+00	9.22036e+05	1.00000e+00	4.50701e-08	5.85988e-28	3.39119e-05	0.00000e+00	0.00000e+00	1.33082e+00
3.36200e+11	3.35544e+11	1.00000e+00	1.99284e+00	8.91313e+05	1.00000e+00	4.68246e-08	6.29368e-28	3.61446e-05	0.00000e+00	0.00000e+00	1.33071e+00
6.71744e+11	3.89384e+11	1.00000e+00	1.99284e+00	8.56066e+05	1.00000e+00	4.90030e-08	6.85263e-28	3.90387e-05	0.00000e+00	0.00000e+00	1.33072e+00
1.06113e+12	3.78282e+11	1.00000e+00	1.99284e+00	8.21746e+05	1.00000e+00	5.13099e-08	7.46913e-28	4.22637e-05	0.00000e+00	0.00000e+00	1.33069e+00
1.43941e+12	3.62305e+11	1.00000e+00	1.99284e+00	7.88492e+05	1.00000e+00	5.37438e-08	8.14678e-28	4.58516e-05	0.00000e+00	0.00000e+00	1.33066e+00
1.80172e+12	3.43623e+11	1.00000e+00	1.99284e+00	7.56329e+05	1.00000e+00	5.63089e-08	8.89122e-28	4.98478e-05	0.00000e+00	0.00000e+00	1.33062e+00
2.14534e+12	3.23220e+11	1.00000e+00	1.99284e+00	7.25233e+05	1.00000e+00	5.90128e-08	9.70944e-28	5.43101e-05	0.00000e+00	0.00000e+00	1.33057e+00
2.46856e+12	3.01529e+11	1.00000e+00	1.99284e+00	6.95178e+05	1.00000e+00	6.18639e-08	1.06093e-27	5.93064e-05	0.00000e+00	0.00000e+00	1.33053e+00
2.77009e+12	2.78984e+11	1.00000e+00	1.99284e+00	6.66162e+05	1.00000e+00	6.48685e-08	1.15990e-27	6.49122e-05	0.00000e+00	0.00000e+00	1.33049e+00
3.04907e+12	2.56196e+11	1.00000e+00	1.99284e+00	6.38205e+05	1.00000e+00	6.80298e-08	1.26857e-27	7.12078e-05	0.00000e+00	0.00000e+00	1.33045e+00
3.30527e+12	2.33940e+11	1.00000e+00	1.99284e+00	6.11346e+05	1.00000e+00	7.13469e-08	1.38763e-27	7.82777e-05	0.00000e+00	0.00000e+00	1.33041e+00
3.53921e+12	2.12993e+11	1.00000e+00	1.99284e+00	5.85621e+05	1.00000e+00	7.48200e-08	1.51779e-27	8.62126e-05	0.00000e+00	0.00000e+00	1.33045e+00
3.75220e+12	1.93948e+11	1.00000e+00	1.99284e+00	5.61055e+05	1.00000e+00	7.84376e-08	1.65934e-27	9.51103e-05	0.00000e+00	0.00000e+00	1.33041e+00
3.94615e+12	1.77178e+11	1.00000e+00	1.99284e+00	5.37587e+05	1.00000e+00	8.22068e-08	1.81332e-27	1.05109e-04	0.00000e+00	0.00000e+00	1.33038e+00
4.12333e+12	1.62347e+11	1.00000e+00	1.99284e+00	5.15184e+05	1.00000e+00	8.61283e-08	1.98055e-27	1.16360e-04	0.00000e+00	0.00000e+00	1.33029e+00
4.28567e+12	1.49334e+11	1.00000e+00	1.99284e+00	4.93766e+05	1.00000e+00	9.02189e-08	2.16264e-27	1.29064e-04	0.00000e+00	0.00000e+00	1.33027e+00
4.43501e+12	1.37708e+11	1.00000e+00	1.99284e+00	4.73279e+05	1.00000e+00	9.44829e-08	2.36076e-27	1.43449e-04	0.00000e+00	0.00000e+00	1.33025e+00
4.57271e+12	1.27250e+11	1.00000e+00	1.99284e+00	4.53609e+05	1.00000e+00	9.89433e-08	2.57712e-27	1.59841e-04	0.00000e+00	0.00000e+00	1.33022e+00
4.69996e+12	1.17381e+11	1.00000e+00	1.99284e+00	4.34677e+05	1.00000e+00	1.03621e-07	2.81401e-27	1.78629e-04	0.00000e+00	0.00000e+00	1.33020e+00
4.81735e+12	1.07804e+11	1.00000e+00	1.99284e+00	4.16415e+05	1.00000e+00	1.08539e-07	3.07413e-27	2.00295e-04	0.00000e+00	0.00000e+00	1.33018e+00
4.92515e+12	9.83261e+10	1.00000e+00	1.99284e+00	3.98770e+05	1.00000e+00	1.13719e-07	3.36045e-27	2.25429e-04	0.00000e+00	0.00000e+00	1.33015e+00
5.02348e+12	8.88843e+10	1.00000e+00	1.99284e+00	3.81714e+05	1.00000e+00	1.19181e-07	3.67607e-27	2.54740e-04	0.00000e+00	0.00000e+00	1.33012e+00
5.11236e+12	7.95717e+10	1.00000e+00	1.99284e+00	3.65235e+05	1.00000e+00	1.24941e-07	4.02420e-27	2.89079e-04	0.00000e+00	0.00000e+00	1.33010e+00
5.19193e+12	7.05447e+10	1.00000e+00	1.99284e+00	3.49349e+05	1.00000e+00	1.31004e-07	4.40775e-27	3.29425e-04	0.00000e+00	0.00000e+00	1.33007e+00
5.26248e+12	6.20509e+10	1.00000e+00	1.99284e+00	3.34079e+05	1.00000e+00	1.37369e-07	4.82932e-27	3.76914e-04	1.40130e-45	0.00000e+00	1.33003e+00
5.32453e+12	5.43015e+10	1.00000e+00	1.99284e+00	3.19449e+05	1.00000e+00	1.44030e-07	5.29130e-27	4.32864e-04	2.80260e-45	0.00000e+00	1.32999e+00
5.37883e+12	4.74282e+10	1.00000e+00	1.99284e+00	3.05475e+05	1.00000e+00	1.50973e-07	5.79572e-27	4.98830e-04	8.40779e-45	0.00000e+00	1.32995e+00
5.42626e+12	4.14716e+10	1.00000e+00	1.99284e+00	2.92156e+05	1.00000e+00	1.58193e-07	6.34519e-27	5.76681e-04	2.24208e-44	0.00000e+00	1.32990e+00
5.46773e+12	3.63892e+10	1.00000e+00	1.99284e+00	2.79477e+05	1.00000e+00	1.65689e-07	6.94269e-27	6.68706e-04	5.88545e-44	0.00000e+00	1.32984e+00
5.50412e+12	3.20823e+10	1.00000e+00	1.99284e+00	2.67404e+05	1.00000e+00	1.73465e-07	7.59199e-27	7.77762e-04	1.55544e-43	0.00000e+00	1.32979e+00
5.53620e+12	2.84240e+10	1.00000e+00	1.99284e+00	2.55911e+05	1.00000e+00	1.81525e-07	8.29684e-27	9.07254e-04	3.96567e-43	0.00000e+00	1.32972e+00
5.56462e+12	2.53179e+10	1.00000e+00	1.99284e+00	2.44968e+05	1.00000e+00	1.89874e-07	9.06160e-27	1.06135e-03	9.82310e-43	0.00000e+00	1.32965e+00
5.58994e+12	2.26699e+10	1.00000e+00	1.99284e+00	2.34542e+05	1.00000e+00	1.98552e-07	9.89415e-27	1.24514e-03	2.36399e-42	0.00000e+00	1.32980e+00
5.61261e+12	2.03990e+10	1.00000e+00	1.99284e+00	2.24630e+05	1.00000e+00	2.07448e-07	1.07882e-26	1.46409e-03	5.52392e-42	0.00000e+00	1.32948e+00
5.63301e+12	1.84924e+10	1.00000e+00	1.99284e+00	2.15126e+05	1.00000e+00	2.16782e-07	1.17705e-26	1.72725e-03	1.26327e-41	0.00000e+00	1.32966e+00
5.65150e+12	1.67427e+10	1.00000e+00	1.99284e+00	2.06103e+05	1.00000e+00	2.26357e-07	1.28261e-26	2.04075e-03	2.80162e-41	0.00000e+00	1.32959e+00
5.66825e+12	1.52978e+10	1.00000e+00	1.99284e+00	1.97471e+05	1.00000e+00	2.36284e-07	1.39727e-26	2.41650e-03	6.06132e-41	0.00000e+00	1.32950e+00
5.68354e+12	1.39982e+10	1.00000e+00	1.99284e+00	1.89232e+05	1.00000e+00	2.46546e-07	1.52145e-26	2.86516e-03	1.27629e-40	0.00000e+00	1.32940e+00
5.69754e+12	1.28609e+10	1.00000e+00	1.99284e+00	1.81364e+05	1.00000e+00	2.57153e-07	1.65597e-26	3.39972e-03	2.61460e-40	0.00000e+00	1.32929e+00
5.71040e+12	1.18581e+10	1.00000e+00	1.99284e+00	1.73849e+05	1.00000e+00	2.68109e-07	1.80156e-26	4.03422e-03	5.20689e-40	0.00000e+00	1.32916e+00
5.72226e+12	1.09729e+10	1.00000e+00	1.99284e+00	1.66670e+05	1.00000e+00	2.79419e-07	1.95910e-26	4.78356e-03	1.00713e-39	0.00000e+00	1.32901e+00
5.73323e+12	1.01900e+10	1.00000e+00	1.99284e+00	1.59812e+05	1.00000e+00	2.90998e-07	2.12826e-26	5.66279e-03	1.88766e-39	0.00000e+00	1.32840e+00
5.74342e+12	9.49702e+09	1.00000e+00	1.99284e+00	1.53230e+05	1.00000e+00	3.03079e-07	2.31323e-26	6.68924e-03	3.43924e-39	0.00000e+00	1.32820e+00
5.75292e+12	8.84409e+09	1.00000e+00	1.99284e+00	1.46968e+05	1.00000e+00	3.15479e-07	2.51238e-26	7.87002e-03	6.05314e-39	0.00000e+00	1.32797e+00
5.76177e+12	8.30355e+09	1.00000e+00	1.99284e+00	1.40985e+05	1.00000e+00	3.28250e-07	2.72756e-26	9.22109e-03	1.03082e-38	0.00000e+00	1.32772e+00
5.77007e+12	7.82591e+09	1.00000e+00	1.99284e+00	1.35266e+05	1.00000e+00	3.41397e-07	2.96001e-26	1.07516e-02	1.69689e-38	0.00000e+00	1.32744e+00
5.77789e+12	7.40389e+09	1.00000e+00	1.99284e+00	1.29800e+05	1.00000e+00	3.54922e-07	3.21102e-26	1.24677e-02	2.69800e-38	0.00000e+00	1.32713e+00
5.78530e+12	7.03261e+09	1.00000e+00	1.99284e+00	1.24574e+05	1.00000e+00	3.68829e-07	3.48201e-26	1.43723e-02	4.14101e-38	0.00000e+00	1.32679e+00
5.79233e+12	6.70619e+09	1.00000e+00	1.99284e+00	1.19578e+05	1.00000e+00	3.83121e-07	3.77451e-26	1.64652e-02	6.13320e-38	0.00000e+00	1.32642e+00
5.79904e+12	6.42083e+09	1.00000e+00	1.99284e+00	1.14802e+05	1.00000e+00	3.97798e-07	4.09009e-26	1.87432e-02	8.76491e-38	0.00000e+00	1.32602e+00
5.80546e+12	6.17364e+09	1.00000e+00	1.99284e+00	1.10235e+05	1.00000e+00	4.12979e-07	4.43294e-26	2.12021e-02	1.21033e-37	0.00000e+00	1.32596e+00
5.81163e+12	5.95972e+09	1.00000e+00	1.99284e+00	1.05880e+05	1.00000e+00	4.28279e-07	4.79683e-26	2.38323e-02	1.60986e-37	0.00000e+00	1.32513e+00
5.81759e+12	5.79608e+09	1.00000e+00	1.99284e+00	1.01681e+05	1.00000e+00	4.44318e-07	5.19740e-26	2.66392e-02	2.07578e-37	0.00000e+00	1.32496e+00
5.82339e+12	5.61461e+09	1.00000e+00	1.99284e+00	9.76897e+04	1.00000e+00	4.60549e-07	5.62440e-26	2.95899e-02	2.58349e-37	0.00000e+00	1.32442e+00
5.82900e+12	5.49633e+09	1.00000e+00	1.99284e+00	9.38535e+04	1.00000e+00	4.77257e-07	6.08718e-26	3.26970e-02	3.11563e-37	0.00000e+00	1.32386e+00
5.83450e+12	5.37875e+09	1.00000e+00	1.99284e+00	9.01789e+04	1.00000e+00	4.94304e-07	6.58486e-26	3.59403e-02	3.63990e-37	0.00000e+00	1.32302e+00
5.83988e+12	5.28006e+09	1.00000e+00	1.99284e+00	8.66502e+04	1.00000e+00	5.12010e-07	7.12895e-26	3.93140e-02	4.13435e-37	0.00000e+00	1.32266e+00
5.84516e+12	5.18624e+09	1.00000e+00	1.99284e+00	8.32847e+04	1.00000e+00	5.29905e-07	7.70976e-26	4.28009e-02	4.55908e-37	0.00000e+00	1.32184e+00
5.85034e+12	5.13369e+09	1.00000e+00	1.99284e+00	8.00438e+04	1.00000e+00	5.48423e-07	8.34351e-26	4.64149e-02	4.89929e-37	0.00000e+00	1.32121e+00
5.85548e+12	5.07178e+09	1.00000e+00	1.99284e+00	7.69435e+04	1.00000e+00	5.67436e-07	9.03029e-26	5.01362e-02	5.13606e-37	0.00000e+00	1.32074e+00
5.86055e+12	5.03476e+09	1.00000e+00	1.99284e+00	7.39743e+04	1.00000e+00	5.86747e-07	9.76846e-26	5.39704e-02	5.25315e-37	0.00000e+00	1.31991e+00
5.86558e+12	5.01750e+09	1.00000e+00	1.99284e+00	7.11160e+04	1.00000e+00	6.06684e-07	1.05738e-25	5.79246e-02	5.25514e-37	0.00000e+00	1.31923e+00
5.87060e+12	4.99348e+09	1.00000e+00	1.99284e+00	6.83783e+04	1.00000e+00	6.27080e-07	1.14460e-25	6.19861e-02	5.14608e-37	0.00000e+00	1.31854e+00
5.87559e+12	4.98885e+09	1.00000e+00	1.99284e+00	6.57508e+04	1.00000e+00	6.47982e-07	1.23929e-25	6.61650e-02	4.93814e-37	0.00000e+00	1.31782e+00
5.88058e+12	4.99363e+09	1.00000e+00	1.99284e+00	6.32288e+04	1.00000e+00	6.69398e-07	1.34215e-25	7.04653e-02	4.64792e-37	0.00000e+00	1.31709e+00
5.88558e+12	5.00771e+09	1.00000e+00	1.99284e+00	6.08076e+04	1.00000e+00	6.91340e-07	1.45398e-25	7.48924e-02	4.29466e-37	0.00000e+00	1.31634e+00
5.89059e+12	5.03076e+09	1.00000e+00	1.99284e+00	5.84832e+04	1.00000e+00	7.13880e-07	1.57595e-25	7.94535e-02	3.90009e-37	0.00000e+00	1.31569e+00
5.89562e+12	5.06306e+09	1.00000e+00	1.99284e+00	5.62545e+04	1.00000e+00	7.36797e-07	1.70797e-25	8.41555e-02	3.48019e-37	0.00000e+00	1.31476e+00
5.90068e+12	5.11186e+09	1.00000e+00	1.99284e+00	5.41093e+04	1.00000e+00	7.60392e-07	1.85254e-25	8.90154e-02	3.05498e-37	0.00000e+00	1.31394e+00
5.90579e+12	5.15742e+09	1.00000e+00	1.99284e+00	5.20522e+04	1.00000e+00	7.84591e-07	2.01040e-25	9.40318e-02	2.64120e-37	0.00000e+00	1.31322e+00
5.91095e+12	5.22007e+09	1.00000e+00	1.99284e+00	5.00795e+04	1.00000e+00	8.09250e-07	2.18210e-25	9.92226e-02	2.24890e-37	0.00000e+00	1.31234e+00
5.91617e+12	5.30077e+09	1.00000e+00	1.99284e+00	4.81839e+04	1.00000e+00	8.34414e-07	2.36935e-25	1.04608e-01	1.88635e-37	0.00000e+00	1.31131e+00
5.92147e+12	5.38960e+09	1.00000e+00	1.99284e+00	4.63612e+04	1.00000e+00	8.60274e-07	2.57487e-25	1.10200e-01	1.56060e-37	0.00000e+00	1.31036e+00
5.92686e+12	5.48341e+09	1.00000e+00	1.99284e+00	4.46131e+04	1.00000e+00	8.86687e-07	2.79953e-25	1.16008e-01	1.27461e-37	0.00000e+00	1.30939e+00
5.93234e+12	5.59786e+09	1.00000e+00	1.99284e+00	4.29343e+04	1.00000e+00	9.13696e-07	3.04566e-25	1.22057e-01	1.02836e-37	0.00000e+00	1.30837e+00
5.93794e+12	5.72638e+09	1.00000e+00	1.99284e+00	4.13220e+04	1.00000e+00	9.41306e-07	3.31559e-25	1.28367e-01	8.20373e-38	0.00000e+00	1.30731e+00
5.94367e+12	5.87034e+09	1.00000e+00	1.99284e+00	3.97734e+04	1.00000e+00	9.69527e-07	3.61195e-25	1.34960e-01	6.47841e-38	0.00000e+00	1.30620e+00
5.94954e+12	6.03080e+09	1.00000e+00	1.99284e+00	3.82858e+04	1.00000e+00	9.98363e-07	3.93762e-25	1.41858e-01	5.07079e-38	0.00000e+00	1.30505e+00
5.95557e+12	6.20874e+09	1.00000e+00	1.99284e+00	3.68569e+04	1.00000e+00	1.02782e-06	4.29594e-25	1.49087e-01	3.93980e-38	0.00000e+00	1.30384e+00
5.96178e+12	6.40566e+09	1.00000e+00	1.99284e+00	3.54841e+04	1.00000e+00	1.05791e-06	4.69058e-25	1.56674e-01	3.04364e-38	0.00000e+00	1.30257e+00
5.96818e+12	6.62324e+09	1.00000e+00	1.99284e+00	3.41654e+04	1.00000e+00	1.08863e-06	5.12565e-25	1.64648e-01	2.34237e-38	0.00000e+00	1.30124e+00
5.97481e+12	6.86399e+09	1.00000e+00	1.99284e+00	3.28986e+04	1.00000e+00	1.11999e-06	5.60583e-25	1.73042e-01	1.79946e-38	0.00000e+00	1.29983e+00
5.98167e+12	7.13014e+09	1.00000e+00	1.99284e+00	3.16814e+04	1.00000e+00	1.15198e-06	6.13644e-25	1.81891e-01	1.38291e-38	0.00000e+00	1.29836e+00
5.98880e+12	7.42309e+09	1.00000e+00	1.99284e+00	3.05125e+04	1.00000e+00	1.18461e-06	6.72308e-25	1.91233e-01	1.06584e-38	0.00000e+00	1.29680e+00
5.99622e+12	7.75084e+09	1.00000e+00	1.99284e+00	2.93893e+04	1.00000e+00	1.21787e-06	7.40319e-25	2.01113e-01	8.25730e-39	0.00000e+00	1.29515e+00
6.00397e+12	8.11238e+09	1.00000e+00	1.99284e+00	2.83100e+04	1.00000e+00	1.25177e-06	8.18332e-25	2.11577e-01	6.44603e-39	0.00000e+00	1.29341e+00
6.01209e+12	8.51135e+09	1.00000e+00	1.99284e+00	2.72728e+04	1.00000e+00	1.28630e-06	9.04863e-25	2.22672e-01	5.08306e-39	0.00000e+00	1.29157e+00
6.02060e+12	8.95188e+09	1.00000e+00	1.99284e+00	2.62760e+04	1.00000e+00	1.32146e-06	1.00093e-24	2.34450e-01	4.05890e-39	0.00000e+00	1.28961e+00
6.02955e+12	9.43926e+09	1.00000e+00	1.99284e+00	2.53181e+04	1.00000e+00	1.35723e-06	1.10769e-24	2.46968e-01	3.28989e-39	0.00000e+00	1.28753e+00
6.03899e+12	9.97985e+09	1.00000e+00	1.99284e+00	2.43977e+04	1.00000e+00	1.39360e-06	1.22640e-24	2.60285e-01	2.71275e-39	0.00000e+00	1.28533e+00
6.04897e+12	1.05810e+10	1.00000e+00	1.99284e+00	2.35132e+04	1.00000e+00	1.43056e-06	1.35852e-24	2.74468e-01	2.28009e-39	0.00000e+00	1.28298e+00
6.05955e+12	1.12514e+10	1.00000e+00	1.99284e+00	2.26634e+04	1.00000e+00	1.46807e-06	1.50565e-24	2.89587e-01	1.95658e-39	0.00000e+00	1.28048e+00
6.07080e+12	1.20024e+10	1.00000e+00	1.99284e+00	2.18469e+04	1.00000e+00	1.50612e-06	1.66956e-24	3.05721e-01	1.71603e-39	0.00000e+00	1.27781e+00
6.08280e+12	1.28465e+10	1.00000e+00	1.99284e+00	2.10625e+04	1.00000e+00	1.54466e-06	1.85226e-24	3.22953e-01	1.53908e-39	0.00000e+00	1.27496e+00
6.09565e+12	1.37982e+10	1.00000e+00	1.99284e+00	2.03090e+04	1.00000e+00	1.58368e-06	2.05594e-24	3.41372e-01	1.41145e-39	0.00000e+00	1.27192e+00
6.10945e+12	1.48760e+10	1.00000e+00	1.99284e+00	1.95852e+04	1.00000e+00	1.62312e-06	2.28304e-24	3.61071e-01	1.32263e-39	0.00000e+00	1.26868e+00
6.12432e+12	1.61012e+10	1.00000e+00	1.99284e+00	1.88901e+04	1.00000e+00	1.66294e-06	2.53617e-24	3.82147e-01	1.26483e-39	0.00000e+00	1.26521e+00
6.14042e+12	1.75017e+10	1.00000e+00	1.99284e+00	1.82227e+04	1.00000e+00	1.70308e-06	2.81814e-24	4.04702e-01	1.23231e-39	0.00000e+00	1.26150e+00
6.15793e+12	1.91163e+10	1.00000e+00	1.99284e+00	1.75822e+04	1.00000e+00	1.74347e-06	3.13204e-24	4.28844e-01	1.22073e-39	0.00000e+00	1.25753e+00
6.17704e+12	2.09882e+10	1.00000e+00	1.99284e+00	1.69674e+04	1.00000e+00	1.78404e-06	3.48109e-24	4.54681e-01	1.22678e-39	0.00000e+00	1.25329e+00
6.19803e+12	2.31721e+10	1.00000e+00	1.99284e+00	1.63777e+04	1.00000e+00	1.82472e-06	3.86866e-24	4.82314e-01	1.24787e-39	0.00000e+00	1.24876e+00
6.22120e+12	2.57408e+10	1.00000e+00	1.99284e+00	1.58121e+04	1.00000e+00	1.86542e-06	4.29821e-24	5.11834e-01	1.28187e-39	0.00000e+00	1.24393e+00
6.24694e+12	2.87835e+10	1.00000e+00	1.99284e+00	1.52698e+04	1.00000e+00	1.90605e-06	4.77321e-24	5.43309e-01	1.32693e-39	0.00000e+00	1.23878e+00
6.27573e+12	3.24207e+10	1.00000e+00	1.99284e+00	1.47502e+04	1.00000e+00	1.94653e-06	5.29697e-24	5.76773e-01	1.38144e-39	0.00000e+00	1.23331e+00
6.30815e+12	3.68158e+10	1.00000e+00	1.99284e+00	1.42527e+04	1.00000e+00	1.98676e-06	5.87261e-24	6.12212e-01	1.44388e-39	0.00000e+00	1.22753e+00
6.34496e+12	4.21878e+10	1.00000e+00	1.99284e+00	1.37769e+04	1.00000e+00	2.02664e-06	6.47986e-24	6.49535e-01	1.51265e-39	0.00000e+00	1.22144e+00
6.38715e+12	4.88572e+10	1.00000e+00	1.99284e+00	1.33224e+04	1.00000e+00	2.06609e-06	7.11747e-24	6.88557e-01	1.58646e-39	0.00000e+00	1.21509e+00
6.43601e+12	5.72854e+10	1.00000e+00	1.99284e+00	1.28892e+04	1.00000e+00	2.10501e-06	7.80320e-24	7.28961e-01	1.66437e-39	0.00000e+00	1.20852e+00
6.49329e+12	6.81886e+10	1.00000e+00	1.99284e+00	1.24777e+04	1.00000e+00	2.14333e-06	8.53557e-24	7.70263e-01	1.74550e-39	0.00000e+00	1.20182e+00
6.56148e+12	8.26941e+10	1.00000e+00	1.99284e+00	1.20887e+04	1.00000e+00	2.18091e-06	9.31026e-24	8.11755e-01	1.82905e-39	0.00000e+00	1.19510e+00
6.64418e+12	1.02805e+11	1.00000e+00	1.99284e+00	1.17237e+04	1.00000e+00	2.21761e-06	1.01203e-23	8.52487e-01	1.91446e-39	0.00000e+00	1.18852e+00
6.74698e+12	1.32089e+11	1.00000e+00	1.99284e+00	1.13854e+04	1.00000e+00	2.25321e-06	1.09535e-23	8.91172e-01	2.00103e-39	0.00000e+00	1.18228e+00
6.87907e+12	1.77778e+11	1.00000e+00	1.99284e+00	1.10784e+04	1.00000e+00	2.28721e-06	1.17885e-23	9.26166e-01	2.08745e-39	0.00000e+00	1.17667e+00
7.05685e+12	2.56631e+11	1.00000e+00	1.99284e+00	1.08108e+04	1.00000e+00	2.31862e-06	1.25882e-23	9.55514e-01	2.17088e-39	0.00000e+00	1.17198e+00
7.31348e+12	4.14746e+11	1.00000e+00	1.99284e+00	1.05953e+04	1.00000e+00	2.34559e-06	1.32907e-23	9.77174e-01	2.24559e-39	0.00000e+00	1.16855e+00
7.72822e+12	8.15644e+11	1.00000e+00	1.99284e+00	1.04495e+04	1.00000e+00	2.36508e-06	1.38027e-23	9.89789e-01	2.30154e-39	0.00000e+00	1.16657e+00
8.54387e+12	1.63129e+12	1.00000e+00	1.99284e+00	1.03878e+04	1.00000e+00	2.37405e-06	1.40348e-23	9.94141e-01	2.32816e-39	0.00000e+00	1.16602e+00
1.01752e+13	1.63129e+12	1.00000e+00	1.99284e+00	1.03748e+04	1.00000e+00	2.37594e-06	1.40841e-23	9.94889e-01	2.33377e-39	0.00000e+00	1.16589e+00
