#elapsed time	time step 	scale cont	scalingDen	<T>	<H+/H rad>	<H0/H rad>	<2*H2/H rad>	<He+/He rad>	<CO/H>	<redshift>	<ne/nH>
0.00000e+00	1.00000e+05	1.00000e+00	3.29908e+00	1.02611e+04	9.99996e-01	3.96272e-06	8.01276e-23	9.97019e-01	3.47749e-38	0.00000e+00	1.16536e+00
0.00000e+00	1.00000e+05	1.00000e+00	3.29908e+00	1.02611e+04	9.99996e-01	3.96288e-06	8.01353e-23	9.97019e-01	3.47804e-38	0.00000e+00	1.16541e+00
1.00000e+05	1.00000e+05	1.00000e+20	3.29908e+00	7.19157e+04	9.99999e-01	9.13646e-07	2.86767e-23	6.75650e-01	3.86106e-37	0.00000e+00	1.21855e+00
2.00000e+05	1.00000e+05	1.00000e+20	3.29908e+00	1.33975e+05	9.99999e-01	9.03806e-07	1.48398e-23	6.75647e-01	7.33884e-37	0.00000e+00	1.21752e+00
3.00000e+05	1.00000e+05	1.00000e+20	3.29908e+00	1.96001e+05	9.99999e-01	8.89652e-07	1.11732e-23	6.75632e-01	1.06237e-36	0.00000e+00	1.21753e+00
4.00000e+05	1.00000e+05	1.00000e+20	3.29908e+00	2.58025e+05	9.99999e-01	8.73108e-07	9.68929e-24	6.75595e-01	1.36044e-36	0.00000e+00	1.21754e+00
5.00000e+05	1.00000e+05	1.00000e+20	3.29908e+00	3.20045e+05	9.99999e-01	8.55138e-07	8.70024e-24	6.75533e-01	1.62274e-36	0.00000e+00	1.21755e+00
6.00000e+05	1.00000e+05	1.00000e+20	3.29908e+00	3.82062e+05	9.99999e-01	8.36310e-07	7.87412e-24	6.75441e-01	1.84801e-36	0.00000e+00	1.21756e+00
7.00000e+05	1.00000e+05	1.00000e+20	3.29908e+00	4.44073e+05	9.99999e-01	8.16985e-07	7.14151e-24	6.75319e-01	2.03761e-36	0.00000e+00	1.21758e+00
8.00000e+05	1.00000e+05	1.00000e+20	3.29908e+00	5.06081e+05	9.99999e-01	7.97416e-07	6.48253e-24	6.75168e-01	2.19429e-36	0.00000e+00	1.21760e+00
9.00000e+05	1.00000e+05	1.00000e+20	3.29908e+00	5.68085e+05	9.99999e-01	7.77777e-07	5.88743e-24	6.74989e-01	2.32151e-36	0.00000e+00	1.21764e+00
1.00000e+06	1.00000e+05	1.00000e+20	3.29908e+00	6.30087e+05	9.99999e-01	7.58196e-07	5.34908e-24	6.74783e-01	2.42288e-36	0.00000e+00	1.21767e+00
1.10000e+06	1.00000e+05	5.23327e+17	3.29908e+00	6.30384e+05	9.99999e-01	7.39177e-07	4.86224e-24	6.74577e-01	2.50327e-36	0.00000e+00	1.21771e+00
1.20000e+06	1.00000e+05	1.00000e+00	3.29908e+00	6.30358e+05	9.99999e-01	7.20705e-07	4.42064e-24	6.74372e-01	2.56657e-36	0.00000e+00	1.21774e+00
1.30000e+06	1.00000e+05	1.00000e+00	3.29908e+00	6.30331e+05	9.99999e-01	7.02765e-07	4.01982e-24	6.74166e-01	2.61591e-36	0.00000e+00	1.21778e+00
1.40000e+06	2.00000e+05	1.00000e+00	3.29908e+00	6.30280e+05	9.99999e-01	6.68893e-07	3.35286e-24	6.73755e-01	2.67480e-36	0.00000e+00	1.21785e+00
1.60000e+06	4.00000e+05	1.00000e+00	3.29908e+00	6.30177e+05	9.99999e-01	6.08331e-07	2.40233e-24	6.72934e-01	2.70455e-36	0.00000e+00	1.21800e+00
2.00000e+06	8.00000e+05	1.00000e+00	3.29908e+00	6.29973e+05	1.00000e+00	5.10427e-07	1.34750e-24	6.71295e-01	2.62868e-36	0.00000e+00	1.21829e+00
2.80000e+06	1.60000e+06	1.00000e+00	3.29908e+00	6.29568e+05	1.00000e+00	3.77631e-07	5.32232e-25	6.68036e-01	2.35494e-36	0.00000e+00	1.21887e+00
4.40000e+06	3.20000e+06	1.00000e+00	3.29908e+00	6.28766e+05	1.00000e+00	2.41414e-07	1.36650e-25	6.61586e-01	1.82415e-36	0.00000e+00	1.22002e+00
7.60000e+06	6.40000e+06	1.00000e+00	3.29908e+00	6.27195e+05	1.00000e+00	1.47640e-07	2.46061e-26	6.48951e-01	1.11512e-36	0.00000e+00	1.22226e+00
1.40000e+07	1.28000e+07	1.00000e+00	3.29908e+00	6.24180e+05	1.00000e+00	1.09112e-07	6.30250e-27	6.24713e-01	4.92206e-37	0.00000e+00	1.22554e+00
2.68000e+07	2.56000e+07	1.00000e+00	3.29908e+00	6.18360e+05	1.00000e+00	1.01477e-07	4.49561e-27	5.79999e-01	1.53188e-37	0.00000e+00	1.23258e+00
5.24000e+07	5.12000e+07	1.00000e+00	3.29908e+00	6.08375e+05	1.00000e+00	1.03222e-07	4.58304e-27	5.03146e-01	3.73219e-38	0.00000e+00	1.24767e+00
1.03600e+08	1.02400e+08	1.00000e+00	3.29908e+00	5.93979e+05	1.00000e+00	1.07370e-07	4.93307e-27	3.86900e-01	8.60127e-39	0.00000e+00	1.26736e+00
2.06000e+08	1.68993e+08	1.00000e+00	3.29908e+00	5.78283e+05	1.00000e+00	1.11893e-07	5.33130e-27	2.60677e-01	2.24315e-39	0.00000e+00	1.28421e+00
3.74993e+08	2.49049e+08	1.00000e+00	3.29908e+00	5.63810e+05	1.00000e+00	1.16474e-07	5.74887e-27	1.53504e-01	6.16662e-40	0.00000e+00	1.30240e+00
6.24041e+08	3.88073e+08	1.00000e+00	3.29908e+00	5.52602e+05	1.00000e+00	1.20320e-07	6.11059e-27	7.41911e-02	1.41299e-40	0.00000e+00	1.31810e+00
1.01211e+09	3.88073e+08	1.00000e+00	3.29908e+00	5.47148e+05	1.00000e+00	1.22063e-07	6.27858e-27	3.60816e-02	3.35751e-41	0.00000e+00	1.32311e+00
1.40019e+09	5.09754e+08	1.00000e+00	3.29908e+00	5.43379e+05	1.00000e+00	1.23310e-07	6.39990e-27	1.52118e-02	6.46699e-42	0.00000e+00	1.32693e+00
1.90994e+09	1.01951e+09	1.00000e+00	3.29908e+00	5.40285e+05	1.00000e+00	1.24287e-07	6.49587e-27	4.13889e-03	6.86636e-43	0.00000e+00	1.32926e+00
2.92945e+09	2.03902e+09	1.00000e+00	3.29908e+00	5.37566e+05	1.00000e+00	1.25043e-07	6.57082e-27	7.30536e-04	3.78351e-44	0.00000e+00	1.32983e+00
4.96846e+09	4.07803e+09	1.00000e+00	3.29908e+00	5.34470e+05	1.00000e+00	1.25884e-07	6.65478e-27	1.59436e-04	1.40130e-45	0.00000e+00	1.33012e+00
9.04650e+09	8.15606e+09	1.00000e+00	3.29908e+00	5.30562e+05	1.00000e+00	1.26935e-07	6.76047e-27	1.10754e-04	0.00000e+00	0.00000e+00	1.33015e+00
1.72026e+10	1.63121e+10	1.00000e+00	3.29908e+00	5.25137e+05	1.00000e+00	1.28424e-07	6.91166e-27	1.11162e-04	0.00000e+00	0.00000e+00	1.33025e+00
3.35147e+10	3.26243e+10	1.00000e+00	3.29908e+00	5.16456e+05	1.00000e+00	1.30861e-07	7.16259e-27	1.15660e-04	0.00000e+00	0.00000e+00	1.33022e+00
6.61389e+10	6.52485e+10	1.00000e+00	3.29908e+00	5.00234e+05	1.00000e+00	1.35656e-07	7.66910e-27	1.24996e-04	0.00000e+00	0.00000e+00	1.33022e+00
1.31387e+11	8.04787e+10	1.00000e+00	3.29908e+00	4.80105e+05	1.00000e+00	1.42081e-07	8.37423e-27	1.38380e-04	0.00000e+00	0.00000e+00	1.33027e+00
2.11866e+11	7.67809e+10	1.00000e+00	3.29908e+00	4.60413e+05	1.00000e+00	1.48923e-07	9.15862e-27	1.53846e-04	0.00000e+00	0.00000e+00	1.33020e+00
2.88647e+11	7.18084e+10	1.00000e+00	3.29908e+00	4.41339e+05	1.00000e+00	1.56161e-07	1.00260e-26	1.71636e-04	0.00000e+00	0.00000e+00	1.33018e+00
3.60455e+11	6.64603e+10	1.00000e+00	3.29908e+00	4.22913e+05	1.00000e+00	1.63798e-07	1.09831e-26	1.92133e-04	0.00000e+00	0.00000e+00	1.33016e+00
4.26916e+11	6.10157e+10	1.00000e+00	3.29908e+00	4.05091e+05	1.00000e+00	1.71869e-07	1.20414e-26	2.15884e-04	0.00000e+00	0.00000e+00	1.33014e+00
4.87931e+11	5.54772e+10	1.00000e+00	3.29908e+00	3.87848e+05	1.00000e+00	1.80407e-07	1.32135e-26	2.43550e-04	0.00000e+00	0.00000e+00	1.33012e+00
5.43409e+11	4.99133e+10	1.00000e+00	3.29908e+00	3.71175e+05	1.00000e+00	1.89439e-07	1.45126e-26	2.75920e-04	1.40130e-45	0.00000e+00	1.33009e+00
5.93322e+11	4.44476e+10	1.00000e+00	3.29908e+00	3.55080e+05	1.00000e+00	1.98983e-07	1.59516e-26	3.13928e-04	1.40130e-45	0.00000e+00	1.33007e+00
6.37770e+11	3.92227e+10	1.00000e+00	3.29908e+00	3.39588e+05	1.00000e+00	2.09043e-07	1.75423e-26	3.58644e-04	5.60519e-45	0.00000e+00	1.33003e+00
6.76992e+11	3.43916e+10	1.00000e+00	3.29908e+00	3.24727e+05	1.00000e+00	2.19613e-07	1.92958e-26	4.11316e-04	1.54143e-44	0.00000e+00	1.33000e+00
7.11384e+11	3.00587e+10	1.00000e+00	3.29908e+00	3.10515e+05	1.00000e+00	2.30677e-07	2.12222e-26	4.73404e-04	4.62428e-44	0.00000e+00	1.32996e+00
7.41442e+11	2.62705e+10	1.00000e+00	3.29908e+00	2.96960e+05	1.00000e+00	2.42222e-07	2.33319e-26	5.46650e-04	1.33123e-43	0.00000e+00	1.32991e+00
7.67713e+11	2.30202e+10	1.00000e+00	3.29908e+00	2.84051e+05	1.00000e+00	2.54246e-07	2.56381e-26	6.33174e-04	3.69943e-43	0.00000e+00	1.32986e+00
7.90733e+11	2.02613e+10	1.00000e+00	3.29908e+00	2.71760e+05	1.00000e+00	2.66756e-07	2.81562e-26	7.35614e-04	1.00053e-42	0.00000e+00	1.32980e+00
8.10995e+11	1.79199e+10	1.00000e+00	3.29908e+00	2.60060e+05	1.00000e+00	2.79759e-07	3.09031e-26	8.57162e-04	2.61903e-42	0.00000e+00	1.32974e+00
8.28914e+11	1.59320e+10	1.00000e+00	3.29908e+00	2.48918e+05	1.00000e+00	2.93265e-07	3.38974e-26	1.00170e-03	6.65337e-42	0.00000e+00	1.32967e+00
8.44846e+11	1.42383e+10	1.00000e+00	3.29908e+00	2.38307e+05	1.00000e+00	3.07286e-07	3.71595e-26	1.17393e-03	1.64246e-41	0.00000e+00	1.32959e+00
8.59085e+11	1.27905e+10	1.00000e+00	3.29908e+00	2.28203e+05	1.00000e+00	3.21825e-07	4.07095e-26	1.37938e-03	3.94199e-41	0.00000e+00	1.32951e+00
8.71875e+11	1.15545e+10	1.00000e+00	3.29908e+00	2.18555e+05	1.00000e+00	3.36990e-07	4.45944e-26	1.62531e-03	9.22615e-41	0.00000e+00	1.32969e+00
8.83430e+11	1.04699e+10	1.00000e+00	3.29908e+00	2.09374e+05	1.00000e+00	3.52625e-07	4.87997e-26	1.91888e-03	2.09783e-40	0.00000e+00	1.32961e+00
8.93900e+11	9.55066e+09	1.00000e+00	3.29908e+00	2.00590e+05	1.00000e+00	3.68875e-07	5.33864e-26	2.27085e-03	4.65338e-40	0.00000e+00	1.32953e+00
9.03450e+11	8.72442e+09	1.00000e+00	3.29908e+00	1.92211e+05	1.00000e+00	3.85703e-07	5.83725e-26	2.69127e-03	1.00429e-39	0.00000e+00	1.32943e+00
9.12175e+11	8.00484e+09	1.00000e+00	3.29908e+00	1.84208e+05	1.00000e+00	4.03032e-07	6.37645e-26	3.19270e-03	2.10662e-39	0.00000e+00	1.32895e+00
9.20180e+11	7.37058e+09	1.00000e+00	3.29908e+00	1.76538e+05	1.00000e+00	4.21241e-07	6.97086e-26	3.79040e-03	4.31245e-39	0.00000e+00	1.32920e+00
9.27550e+11	6.78567e+09	1.00000e+00	3.29908e+00	1.69266e+05	1.00000e+00	4.39826e-07	7.60825e-26	4.49366e-03	8.52919e-39	0.00000e+00	1.32906e+00
9.34336e+11	6.31729e+09	1.00000e+00	3.29908e+00	1.62290e+05	1.00000e+00	4.58972e-07	8.29819e-26	5.32364e-03	1.63889e-38	0.00000e+00	1.32847e+00
9.40653e+11	5.87921e+09	1.00000e+00	3.29908e+00	1.55598e+05	1.00000e+00	4.78965e-07	9.05448e-26	6.29519e-03	3.06059e-38	0.00000e+00	1.32827e+00
9.46532e+11	5.46772e+09	1.00000e+00	3.29908e+00	1.49231e+05	1.00000e+00	4.99518e-07	9.87141e-26	7.41643e-03	5.52024e-38	0.00000e+00	1.32805e+00
9.52000e+11	5.12583e+09	1.00000e+00	3.29908e+00	1.43146e+05	1.00000e+00	5.20882e-07	1.07631e-25	8.70404e-03	9.64453e-38	0.00000e+00	1.32827e+00
9.57126e+11	4.82369e+09	1.00000e+00	3.29908e+00	1.37356e+05	1.00000e+00	5.42466e-07	1.17115e-25	1.01650e-02	1.62201e-37	0.00000e+00	1.32754e+00
9.61950e+11	4.57745e+09	1.00000e+00	3.29908e+00	1.31772e+05	1.00000e+00	5.65072e-07	1.27547e-25	1.18186e-02	2.64604e-37	0.00000e+00	1.32724e+00
9.66527e+11	4.32043e+09	1.00000e+00	3.29908e+00	1.26459e+05	1.00000e+00	5.88233e-07	1.38787e-25	1.36521e-02	4.15563e-37	0.00000e+00	1.32691e+00
9.70847e+11	4.11361e+09	1.00000e+00	3.29908e+00	1.21380e+05	1.00000e+00	6.12054e-07	1.50948e-25	1.56742e-02	6.29523e-37	0.00000e+00	1.32655e+00
9.74961e+11	3.93265e+09	1.00000e+00	3.29908e+00	1.16524e+05	1.00000e+00	6.36539e-07	1.64100e-25	1.78827e-02	9.19655e-37	0.00000e+00	1.32617e+00
9.78894e+11	3.77471e+09	1.00000e+00	3.29908e+00	1.11882e+05	1.00000e+00	6.61686e-07	1.78317e-25	2.02729e-02	1.29568e-36	0.00000e+00	1.32575e+00
9.82668e+11	3.63870e+09	1.00000e+00	3.29908e+00	1.07440e+05	1.00000e+00	6.87512e-07	1.93688e-25	2.28389e-02	1.76134e-36	0.00000e+00	1.32530e+00
9.86307e+11	3.52078e+09	1.00000e+00	3.29908e+00	1.03190e+05	1.00000e+00	7.14023e-07	2.10309e-25	2.55725e-02	2.31170e-36	0.00000e+00	1.32482e+00
9.89828e+11	3.41916e+09	1.00000e+00	3.29908e+00	9.91218e+04	1.00000e+00	7.41227e-07	2.28281e-25	2.84646e-02	2.93186e-36	0.00000e+00	1.32432e+00
9.93247e+11	3.33222e+09	1.00000e+00	3.29908e+00	9.52263e+04	1.00000e+00	7.69288e-07	2.47807e-25	3.15068e-02	3.60019e-36	0.00000e+00	1.32406e+00
9.96579e+11	3.25829e+09	1.00000e+00	3.29908e+00	9.15055e+04	1.00000e+00	7.97818e-07	2.68767e-25	3.46886e-02	4.27826e-36	0.00000e+00	1.32349e+00
9.99838e+11	3.20525e+09	1.00000e+00	3.29908e+00	8.79298e+04	1.00000e+00	8.27018e-07	2.91419e-25	3.80116e-02	4.92975e-36	0.00000e+00	1.32265e+00
1.00304e+12	3.15280e+09	1.00000e+00	3.29908e+00	8.44957e+04	1.00000e+00	8.57172e-07	3.16094e-25	4.14602e-02	5.52081e-36	0.00000e+00	1.32206e+00
1.00620e+12	3.10296e+09	1.00000e+00	3.29908e+00	8.12125e+04	1.00000e+00	8.87997e-07	3.42748e-25	4.50202e-02	6.01300e-36	0.00000e+00	1.32144e+00
1.00930e+12	3.07013e+09	1.00000e+00	3.29908e+00	7.80649e+04	9.99999e-01	9.19578e-07	3.71615e-25	4.86966e-02	6.38056e-36	0.00000e+00	1.32081e+00
1.01237e+12	3.04583e+09	1.00000e+00	3.29908e+00	7.50460e+04	9.99999e-01	9.52051e-07	4.02994e-25	5.24884e-02	6.60895e-36	0.00000e+00	1.32032e+00
1.01541e+12	3.02858e+09	1.00000e+00	3.29908e+00	7.21545e+04	9.99999e-01	9.85139e-07	4.36872e-25	5.63939e-02	6.68519e-36	0.00000e+00	1.31963e+00
1.01844e+12	3.02301e+09	1.00000e+00	3.29908e+00	6.93753e+04	9.99999e-01	1.01898e-06	4.73602e-25	6.04204e-02	6.61166e-36	0.00000e+00	1.31879e+00
1.02147e+12	3.01849e+09	1.00000e+00	3.29908e+00	6.67046e+04	9.99999e-01	1.05390e-06	5.13742e-25	6.45645e-02	6.40762e-36	0.00000e+00	1.31822e+00
1.02448e+12	3.01560e+09	1.00000e+00	3.29908e+00	6.41489e+04	9.99999e-01	1.08934e-06	5.57027e-25	6.88228e-02	6.08392e-36	0.00000e+00	1.31735e+00
1.02750e+12	3.02766e+09	1.00000e+00	3.29908e+00	6.16885e+04	9.99999e-01	1.12583e-06	6.04336e-25	7.32141e-02	5.66866e-36	0.00000e+00	1.31660e+00
1.03053e+12	3.03646e+09	1.00000e+00	3.29908e+00	5.93299e+04	9.99999e-01	1.16323e-06	6.55865e-25	7.77323e-02	5.18926e-36	0.00000e+00	1.31596e+00
1.03356e+12	3.05534e+09	1.00000e+00	3.29908e+00	5.70685e+04	9.99999e-01	1.20124e-06	7.11669e-25	8.23907e-02	4.66611e-36	0.00000e+00	1.31504e+00
1.03662e+12	3.08417e+09	1.00000e+00	3.29908e+00	5.48918e+04	9.99999e-01	1.24034e-06	7.72773e-25	8.72058e-02	4.12629e-36	0.00000e+00	1.31422e+00
1.03970e+12	3.11094e+09	1.00000e+00	3.29908e+00	5.28045e+04	9.99999e-01	1.28028e-06	8.39349e-25	9.21754e-02	3.59144e-36	0.00000e+00	1.31338e+00
1.04281e+12	3.14809e+09	1.00000e+00	3.29908e+00	5.08004e+04	9.99999e-01	1.32113e-06	9.12037e-25	9.73180e-02	3.07818e-36	0.00000e+00	1.31251e+00
1.04596e+12	3.19196e+09	1.00000e+00	3.29908e+00	4.88768e+04	9.99999e-01	1.36288e-06	9.91438e-25	1.02647e-01	2.59987e-36	0.00000e+00	1.31161e+00
1.04915e+12	3.24422e+09	1.00000e+00	3.29908e+00	4.70300e+04	9.99999e-01	1.40555e-06	1.07827e-24	1.08179e-01	2.16532e-36	0.00000e+00	1.31068e+00
1.05240e+12	3.30462e+09	1.00000e+00	3.29908e+00	4.52565e+04	9.99999e-01	1.44917e-06	1.17334e-24	1.13932e-01	1.77956e-36	0.00000e+00	1.30971e+00
1.05570e+12	3.37301e+09	1.00000e+00	3.29908e+00	4.35533e+04	9.99999e-01	1.49373e-06	1.27754e-24	1.19924e-01	1.44436e-36	0.00000e+00	1.30870e+00
1.05908e+12	3.45014e+09	1.00000e+00	3.29908e+00	4.19174e+04	9.99999e-01	1.53927e-06	1.39186e-24	1.26175e-01	1.15884e-36	0.00000e+00	1.30765e+00
1.06253e+12	3.53626e+09	1.00000e+00	3.29908e+00	4.03463e+04	9.99999e-01	1.58578e-06	1.51744e-24	1.32705e-01	9.20080e-37	0.00000e+00	1.30655e+00
1.06606e+12	3.63250e+09	1.00000e+00	3.29908e+00	3.88372e+04	9.99999e-01	1.63328e-06	1.65551e-24	1.39538e-01	7.23814e-37	0.00000e+00	1.30540e+00
1.06970e+12	3.73934e+09	1.00000e+00	3.29908e+00	3.73876e+04	9.99999e-01	1.68179e-06	1.80753e-24	1.46700e-01	5.64993e-37	0.00000e+00	1.30420e+00
1.07343e+12	3.85783e+09	1.00000e+00	3.29908e+00	3.59951e+04	9.99999e-01	1.73131e-06	1.97509e-24	1.54217e-01	4.38302e-37	0.00000e+00	1.30294e+00
1.07729e+12	3.98863e+09	1.00000e+00	3.29908e+00	3.46573e+04	9.99999e-01	1.78184e-06	2.16000e-24	1.62119e-01	3.38544e-37	0.00000e+00	1.30162e+00
1.08128e+12	4.13325e+09	1.00000e+00	3.29908e+00	3.33722e+04	9.99999e-01	1.83340e-06	2.36428e-24	1.70438e-01	2.60882e-37	0.00000e+00	1.30023e+00
1.08541e+12	4.29339e+09	1.00000e+00	3.29908e+00	3.21374e+04	9.99999e-01	1.88600e-06	2.59027e-24	1.79209e-01	2.00990e-37	0.00000e+00	1.29876e+00
1.08971e+12	4.46979e+09	1.00000e+00	3.29908e+00	3.09514e+04	9.99999e-01	1.93962e-06	2.84052e-24	1.88470e-01	1.55185e-37	0.00000e+00	1.29721e+00
1.09418e+12	4.66589e+09	1.00000e+00	3.29908e+00	2.98121e+04	9.99999e-01	1.99427e-06	3.12421e-24	1.98265e-01	1.20371e-37	0.00000e+00	1.29558e+00
1.09884e+12	4.88368e+09	1.00000e+00	3.29908e+00	2.87172e+04	9.99999e-01	2.04995e-06	3.47196e-24	2.08640e-01	9.40368e-38	0.00000e+00	1.29385e+00
1.10373e+12	5.12386e+09	1.00000e+00	3.29908e+00	2.76651e+04	9.99999e-01	2.10667e-06	3.85873e-24	2.19645e-01	7.41609e-38	0.00000e+00	1.29202e+00
1.10885e+12	5.38890e+09	1.00000e+00	3.29908e+00	2.66539e+04	9.99999e-01	2.16441e-06	4.28933e-24	2.31329e-01	5.91874e-38	0.00000e+00	1.29008e+00
1.11424e+12	5.68195e+09	1.00000e+00	3.29908e+00	2.56821e+04	9.99998e-01	2.22315e-06	4.76922e-24	2.43749e-01	4.79193e-38	0.00000e+00	1.28801e+00
1.11992e+12	6.00646e+09	1.00000e+00	3.29908e+00	2.47482e+04	9.99998e-01	2.28289e-06	5.30461e-24	2.56965e-01	3.94463e-38	0.00000e+00	1.28582e+00
1.12593e+12	6.36636e+09	1.00000e+00	3.29908e+00	2.38506e+04	9.99998e-01	2.34359e-06	5.90248e-24	2.71041e-01	3.30834e-38	0.00000e+00	1.28349e+00
1.13229e+12	6.76704e+09	1.00000e+00	3.29908e+00	2.29881e+04	9.99998e-01	2.40521e-06	6.57076e-24	2.86045e-01	2.83180e-38	0.00000e+00	1.28100e+00
1.13906e+12	7.21456e+09	1.00000e+00	3.29908e+00	2.21593e+04	9.99998e-01	2.46773e-06	7.31840e-24	3.02054e-01	2.47687e-38	0.00000e+00	1.27835e+00
1.14628e+12	7.71556e+09	1.00000e+00	3.29908e+00	2.13630e+04	9.99998e-01	2.53109e-06	8.15544e-24	3.19147e-01	2.21531e-38	0.00000e+00	1.27552e+00
1.15399e+12	8.27935e+09	1.00000e+00	3.29908e+00	2.05978e+04	9.99998e-01	2.59525e-06	9.09337e-24	3.37408e-01	2.02622e-38	0.00000e+00	1.27251e+00
1.16227e+12	8.91483e+09	1.00000e+00	3.29908e+00	1.98627e+04	9.99998e-01	2.66013e-06	1.01449e-23	3.56928e-01	1.89419e-38	0.00000e+00	1.26929e+00
1.17119e+12	9.63482e+09	1.00000e+00	3.29908e+00	1.91563e+04	9.99998e-01	2.72569e-06	1.13247e-23	3.77797e-01	1.80781e-38	0.00000e+00	1.26585e+00
1.18082e+12	1.04522e+10	1.00000e+00	3.29908e+00	1.84780e+04	9.99998e-01	2.79181e-06	1.26483e-23	4.00107e-01	1.75865e-38	0.00000e+00	1.26218e+00
1.19127e+12	1.13881e+10	1.00000e+00	3.29908e+00	1.78266e+04	9.99998e-01	2.85841e-06	1.41332e-23	4.23954e-01	1.74038e-38	0.00000e+00	1.25826e+00
1.20266e+12	1.24670e+10	1.00000e+00	3.29908e+00	1.72013e+04	9.99998e-01	2.92541e-06	1.57992e-23	4.49436e-01	1.74814e-38	0.00000e+00	1.25408e+00
1.21513e+12	1.37181e+10	1.00000e+00	3.29908e+00	1.66011e+04	9.99998e-01	2.99266e-06	1.76673e-23	4.76644e-01	1.77813e-38	0.00000e+00	1.24961e+00
1.22885e+12	1.51780e+10	1.00000e+00	3.29908e+00	1.60252e+04	9.99998e-01	3.06005e-06	1.97606e-23	5.05655e-01	1.82725e-38	0.00000e+00	1.24486e+00
1.24402e+12	1.68942e+10	1.00000e+00	3.29908e+00	1.54728e+04	9.99997e-01	3.12745e-06	2.21037e-23	5.36530e-01	1.89284e-38	0.00000e+00	1.23981e+00
1.26092e+12	1.89284e+10	1.00000e+00	3.29908e+00	1.49432e+04	9.99997e-01	3.19473e-06	2.47231e-23	5.69293e-01	1.97252e-38	0.00000e+00	1.23446e+00
1.27985e+12	2.13614e+10	1.00000e+00	3.29908e+00	1.44357e+04	9.99997e-01	3.26175e-06	2.76456e-23	6.03927e-01	2.06411e-38	0.00000e+00	1.22880e+00
1.30121e+12	2.43058e+10	1.00000e+00	3.29908e+00	1.39498e+04	9.99997e-01	3.32839e-06	3.08647e-23	6.40352e-01	2.16537e-38	0.00000e+00	1.22286e+00
1.32551e+12	2.79133e+10	1.00000e+00	3.29908e+00	1.34852e+04	9.99997e-01	3.39452e-06	3.42452e-23	6.78398e-01	2.27339e-38	0.00000e+00	1.21667e+00
1.35343e+12	3.24071e+10	1.00000e+00	3.29908e+00	1.30417e+04	9.99997e-01	3.46001e-06	3.79582e-23	7.17791e-01	2.38769e-38	0.00000e+00	1.21026e+00
1.38583e+12	3.81168e+10	1.00000e+00	3.29908e+00	1.26193e+04	9.99997e-01	3.52475e-06	4.20166e-23	7.58111e-01	2.50699e-38	0.00000e+00	1.20372e+00
1.42395e+12	4.55500e+10	1.00000e+00	3.29908e+00	1.22186e+04	9.99997e-01	3.58859e-06	4.64219e-23	7.98756e-01	2.63026e-38	0.00000e+00	1.19713e+00
1.46950e+12	5.55587e+10	1.00000e+00	3.29908e+00	1.18407e+04	9.99997e-01	3.65364e-06	5.12302e-23	8.38939e-01	2.76319e-38	0.00000e+00	1.19138e+00
1.52506e+12	6.96293e+10	1.00000e+00	3.29908e+00	1.14900e+04	9.99997e-01	3.71214e-06	5.61480e-23	8.77550e-01	2.88437e-38	0.00000e+00	1.18440e+00
1.59469e+12	9.12617e+10	1.00000e+00	3.29908e+00	1.11616e+04	9.99997e-01	3.77226e-06	6.14401e-23	9.13463e-01	3.01609e-38	0.00000e+00	1.17863e+00
1.68595e+12	1.24046e+11	1.00000e+00	3.29908e+00	1.08692e+04	9.99997e-01	3.82896e-06	6.67415e-23	9.44540e-01	3.14587e-38	0.00000e+00	1.17366e+00
1.81000e+12	1.84465e+11	1.00000e+00	3.29908e+00	1.06195e+04	9.99997e-01	3.88056e-06	7.17931e-23	9.69270e-01	3.26914e-38	0.00000e+00	1.16972e+00
1.99446e+12	3.13769e+11	1.00000e+00	3.29908e+00	1.04268e+04	9.99997e-01	3.92312e-06	7.60862e-23	9.86053e-01	3.37499e-38	0.00000e+00	1.16708e+00
2.30823e+12	6.27538e+11	1.00000e+00	3.29908e+00	1.03113e+04	9.99996e-01	3.95027e-06	7.88606e-23	9.94330e-01	3.44477e-38	0.00000e+00	1.16578e+00
2.93577e+12	1.25508e+12	1.00000e+00	3.29908e+00	1.02701e+04	9.99997e-01	3.96044e-06	7.98974e-23	9.96643e-01	3.47145e-38	0.00000e+00	1.16542e+00
4.19084e+12	2.51015e+12	1.00000e+00	3.29908e+00	1.02620e+04	9.99996e-01	3.96277e-06	8.01184e-23	9.96990e-01	3.47782e-38	0.00000e+00	1.16545e+00
6.70099e+12	5.02030e+12	1.00000e+00	3.29908e+00	1.02612e+04	9.99996e-01	3.96292e-06	8.01367e-23	9.97017e-01	3.47818e-38	0.00000e+00	1.16543e+00
1.17213e+13	5.02030e+12	1.00000e+00	3.29908e+00	1.02612e+04	9.99996e-01	3.96293e-06	8.01378e-23	9.97018e-01	3.47821e-38	0.00000e+00	1.16543e+00
