#elapsed time	time step 	scale cont	scalingDen	<T>	<H+/H rad>	<H0/H rad>	<2*H2/H rad>	<He+/He rad>	<CO/H>	<redshift>	<ne/nH>
0.00000e+00	1.00000e+05	1.00000e+00	8.07185e+00	1.01441e+04	9.99990e-01	9.77300e-06	1.47281e-21	9.98779e-01	5.08177e-36	0.00000e+00	1.16504e+00
0.00000e+00	1.00000e+05	1.00000e+00	8.07185e+00	1.01441e+04	9.99990e-01	9.77287e-06	1.47278e-21	9.98779e-01	5.08150e-36	0.00000e+00	1.16503e+00
1.00000e+05	1.00000e+05	1.00000e+20	8.07185e+00	3.48973e+04	9.99996e-01	3.87663e-06	4.84008e-22	9.97136e-01	5.58616e-36	0.00000e+00	1.16528e+00
2.00000e+05	1.00000e+05	1.00000e+20	8.07185e+00	5.96511e+04	9.99996e-01	3.84359e-06	2.54924e-22	9.97136e-01	6.23696e-36	0.00000e+00	1.16529e+00
3.00000e+05	1.00000e+05	1.00000e+20	8.07185e+00	8.44044e+04	9.99996e-01	3.79350e-06	2.03718e-22	9.97135e-01	7.11779e-36	0.00000e+00	1.16529e+00
4.00000e+05	1.00000e+05	1.00000e+20	8.07185e+00	1.09156e+05	9.99996e-01	3.73228e-06	1.80593e-22	9.97132e-01	8.24433e-36	0.00000e+00	1.16529e+00
5.00000e+05	1.00000e+05	1.00000e+20	8.07185e+00	1.33906e+05	9.99996e-01	3.66313e-06	1.63010e-22	9.97122e-01	9.58659e-36	0.00000e+00	1.16530e+00
6.00000e+05	1.00000e+05	1.00000e+20	8.07185e+00	1.58653e+05	9.99997e-01	3.58813e-06	1.47765e-22	9.97098e-01	1.10901e-35	0.00000e+00	1.16530e+00
7.00000e+05	1.00000e+05	1.00000e+20	8.07185e+00	1.83397e+05	9.99997e-01	3.50881e-06	1.34186e-22	9.97057e-01	1.26919e-35	0.00000e+00	1.16531e+00
8.00000e+05	1.00000e+05	1.00000e+20	8.07185e+00	2.08137e+05	9.99997e-01	3.42636e-06	1.21990e-22	9.96992e-01	1.43314e-35	0.00000e+00	1.16531e+00
9.00000e+05	1.00000e+05	1.00000e+20	8.07185e+00	2.32873e+05	9.99997e-01	3.34172e-06	1.10988e-22	9.96898e-01	1.59558e-35	0.00000e+00	1.16534e+00
1.00000e+06	1.00000e+05	1.00000e+20	8.07185e+00	2.57606e+05	9.99997e-01	3.25562e-06	1.01037e-22	9.96773e-01	1.75226e-35	0.00000e+00	1.16536e+00
1.10000e+06	1.00000e+05	5.23327e+17	8.07185e+00	2.57714e+05	9.99997e-01	3.17215e-06	9.20908e-23	9.96647e-01	1.90384e-35	0.00000e+00	1.16537e+00
1.20000e+06	1.00000e+05	1.00000e+00	8.07185e+00	2.57691e+05	9.99997e-01	3.09123e-06	8.39570e-23	9.96522e-01	2.05082e-35	0.00000e+00	1.16539e+00
1.30000e+06	1.00000e+05	1.00000e+00	8.07185e+00	2.57669e+05	9.99997e-01	3.01278e-06	7.65554e-23	9.96397e-01	2.19367e-35	0.00000e+00	1.16542e+00
1.40000e+06	2.00000e+05	1.00000e+00	8.07185e+00	2.57625e+05	9.99997e-01	2.86521e-06	6.41780e-23	9.96146e-01	2.46576e-35	0.00000e+00	1.16547e+00
1.60000e+06	4.00000e+05	1.00000e+00	8.07185e+00	2.57538e+05	9.99998e-01	2.60318e-06	4.64168e-23	9.95645e-01	2.96983e-35	0.00000e+00	1.16557e+00
2.00000e+06	8.00000e+05	1.00000e+00	8.07185e+00	2.57363e+05	9.99998e-01	2.18482e-06	2.64981e-23	9.94648e-01	3.86835e-35	0.00000e+00	1.16576e+00
2.80000e+06	1.60000e+06	1.00000e+00	8.07185e+00	2.57016e+05	9.99999e-01	1.62909e-06	1.08383e-23	9.92664e-01	5.36437e-35	0.00000e+00	1.16614e+00
4.40000e+06	3.20000e+06	1.00000e+00	8.07185e+00	2.56327e+05	9.99999e-01	1.07684e-06	3.02680e-24	9.88743e-01	7.54974e-35	0.00000e+00	1.16653e+00
7.60000e+06	6.40000e+06	1.00000e+00	8.07185e+00	2.54933e+05	1.00000e+00	7.13488e-07	7.06657e-25	9.81073e-01	1.01480e-34	0.00000e+00	1.16836e+00
1.40000e+07	1.28000e+07	1.00000e+00	8.07185e+00	2.52317e+05	1.00000e+00	5.75080e-07	2.93986e-25	9.66366e-01	1.24090e-34	0.00000e+00	1.17117e+00
2.68000e+07	2.56000e+07	1.00000e+00	8.07185e+00	2.47414e+05	1.00000e+00	5.56643e-07	2.54531e-25	9.39288e-01	1.32980e-34	0.00000e+00	1.17382e+00
5.24000e+07	5.12000e+07	1.00000e+00	8.07185e+00	2.38461e+05	1.00000e+00	5.81701e-07	2.75729e-25	8.92682e-01	1.23299e-34	0.00000e+00	1.18500e+00
1.03600e+08	5.45445e+07	1.00000e+00	8.07185e+00	2.30326e+05	1.00000e+00	6.07348e-07	3.00108e-25	8.50042e-01	1.05894e-34	0.00000e+00	1.18792e+00
1.58145e+08	6.17753e+07	1.00000e+00	8.07185e+00	2.21781e+05	1.00000e+00	6.37860e-07	3.30267e-25	8.09003e-01	8.96814e-35	0.00000e+00	1.19473e+00
2.19920e+08	6.41326e+07	1.00000e+00	8.07185e+00	2.13906e+05	1.00000e+00	6.68396e-07	3.61982e-25	7.72642e-01	7.66398e-35	0.00000e+00	1.20090e+00
2.84052e+08	6.96787e+07	1.00000e+00	8.07185e+00	2.06325e+05	1.00000e+00	7.00026e-07	3.96464e-25	7.39018e-01	6.61136e-35	0.00000e+00	1.20652e+00
3.53731e+08	7.58545e+07	1.00000e+00	8.07185e+00	1.99003e+05	1.00000e+00	7.32887e-07	4.34053e-25	7.07957e-01	5.79179e-35	0.00000e+00	1.21171e+00
4.29586e+08	8.24730e+07	1.00000e+00	8.07185e+00	1.91937e+05	1.00000e+00	7.66993e-07	4.74995e-25	6.79384e-01	5.18027e-35	0.00000e+00	1.21649e+00
5.12059e+08	8.96106e+07	1.00000e+00	8.07185e+00	1.85117e+05	1.00000e+00	8.02378e-07	5.19575e-25	6.53196e-01	4.75295e-35	0.00000e+00	1.22086e+00
6.01669e+08	9.72878e+07	1.00000e+00	8.07185e+00	1.78533e+05	1.00000e+00	8.39078e-07	5.68103e-25	6.29284e-01	4.49246e-35	0.00000e+00	1.22486e+00
6.98957e+08	1.05518e+08	1.00000e+00	8.07185e+00	1.72176e+05	1.00000e+00	8.77117e-07	6.20895e-25	6.07542e-01	4.38965e-35	0.00000e+00	1.22850e+00
8.04476e+08	1.14315e+08	1.00000e+00	8.07185e+00	1.66038e+05	1.00000e+00	9.16537e-07	6.78331e-25	5.87859e-01	4.44462e-35	0.00000e+00	1.23179e+00
9.18790e+08	1.23688e+08	1.00000e+00	8.07185e+00	1.60110e+05	1.00000e+00	9.57377e-07	7.40801e-25	5.70125e-01	4.66759e-35	0.00000e+00	1.23477e+00
1.04248e+09	1.23688e+08	1.00000e+00	8.07185e+00	1.54768e+05	1.00000e+00	9.96788e-07	8.03990e-25	5.55222e-01	5.04031e-35	0.00000e+00	1.23732e+00
1.16617e+09	6.79445e+07	1.00000e+00	8.07185e+00	1.51973e+05	1.00000e+00	1.01867e-06	8.40260e-25	5.47774e-01	5.29873e-35	0.00000e+00	1.23894e+00
1.23411e+09	1.35889e+08	1.00000e+00	8.07185e+00	1.46981e+05	1.00000e+00	1.05908e-06	9.09829e-25	5.35289e-01	5.96224e-35	0.00000e+00	1.24067e+00
1.37000e+09	1.60045e+08	1.00000e+00	8.07185e+00	1.41687e+05	1.00000e+00	1.10503e-06	9.92679e-25	5.23218e-01	6.98224e-35	0.00000e+00	1.24263e+00
1.53004e+09	1.71336e+08	1.00000e+00	8.07185e+00	1.36589e+05	1.00000e+00	1.15246e-06	1.08254e-24	5.12657e-01	8.36114e-35	0.00000e+00	1.24441e+00
1.70138e+09	1.83614e+08	1.00000e+00	8.07185e+00	1.31669e+05	1.00000e+00	1.20145e-06	1.18010e-24	5.03456e-01	1.01831e-34	0.00000e+00	1.24596e+00
1.88499e+09	1.96557e+08	1.00000e+00	8.07185e+00	1.26917e+05	1.00000e+00	1.25330e-06	1.28819e-24	4.95489e-01	1.25939e-34	0.00000e+00	1.24873e+00
2.08155e+09	2.10002e+08	1.00000e+00	8.07185e+00	1.22397e+05	1.00000e+00	1.30474e-06	1.40151e-24	4.88639e-01	1.55942e-34	0.00000e+00	1.24974e+00
2.29155e+09	2.27473e+08	1.00000e+00	8.07185e+00	1.17957e+05	1.00000e+00	1.35870e-06	1.52649e-24	4.82737e-01	1.93969e-34	0.00000e+00	1.25061e+00
2.51903e+09	2.41702e+08	1.00000e+00	8.07185e+00	1.13671e+05	1.00000e+00	1.41432e-06	1.66208e-24	4.77794e-01	2.40461e-34	0.00000e+00	1.25130e+00
2.76073e+09	2.56417e+08	1.00000e+00	8.07185e+00	1.09532e+05	1.00000e+00	1.47168e-06	1.80926e-24	4.73708e-01	2.96069e-34	0.00000e+00	1.25186e+00
3.01714e+09	2.71470e+08	1.00000e+00	8.07185e+00	1.05537e+05	1.00000e+00	1.53079e-06	1.96901e-24	4.70382e-01	3.60934e-34	0.00000e+00	1.25230e+00
3.28861e+09	2.86853e+08	1.00000e+00	8.07185e+00	1.01681e+05	1.00000e+00	1.59087e-06	2.14051e-24	4.67727e-01	4.33650e-34	0.00000e+00	1.25191e+00
3.57547e+09	3.02552e+08	1.00000e+00	8.07185e+00	9.79318e+04	1.00000e+00	1.65410e-06	2.33016e-24	4.65662e-01	5.14614e-34	0.00000e+00	1.25224e+00
3.87802e+09	3.16108e+08	1.00000e+00	8.07185e+00	9.43447e+04	1.00000e+00	1.71864e-06	2.53435e-24	4.64116e-01	6.00178e-34	0.00000e+00	1.25248e+00
4.19413e+09	3.32559e+08	1.00000e+00	8.07185e+00	9.08836e+04	1.00000e+00	1.78501e-06	2.75591e-24	4.63001e-01	6.87933e-34	0.00000e+00	1.25265e+00
4.52669e+09	3.49301e+08	1.00000e+00	8.07185e+00	8.75443e+04	1.00000e+00	1.85325e-06	2.99639e-24	4.62256e-01	7.74116e-34	0.00000e+00	1.25275e+00
4.87599e+09	3.66293e+08	1.00000e+00	8.07185e+00	8.43232e+04	1.00000e+00	1.92336e-06	3.25737e-24	4.61828e-01	8.54489e-34	0.00000e+00	1.25280e+00
5.24228e+09	3.83562e+08	1.00000e+00	8.07185e+00	8.12169e+04	1.00000e+00	1.99536e-06	3.54066e-24	4.61668e-01	9.24708e-34	0.00000e+00	1.25280e+00
5.62584e+09	4.01142e+08	1.00000e+00	8.07185e+00	7.82220e+04	1.00000e+00	2.06924e-06	3.84814e-24	4.61735e-01	9.80740e-34	0.00000e+00	1.25276e+00
6.02699e+09	4.19091e+08	1.00000e+00	8.07185e+00	7.53350e+04	1.00000e+00	2.14503e-06	4.18198e-24	4.61996e-01	1.01927e-33	0.00000e+00	1.25268e+00
6.44608e+09	4.37439e+08	1.00000e+00	8.07185e+00	7.25527e+04	1.00000e+00	2.22274e-06	4.54450e-24	4.62422e-01	1.03802e-33	0.00000e+00	1.25258e+00
6.88352e+09	4.56279e+08	1.00000e+00	8.07185e+00	6.98721e+04	1.00000e+00	2.30257e-06	4.93901e-24	4.62991e-01	1.03638e-33	0.00000e+00	1.25258e+00
7.33980e+09	4.75717e+08	1.00000e+00	8.07185e+00	6.72931e+04	1.00000e+00	2.38398e-06	5.36614e-24	4.63686e-01	1.01405e-33	0.00000e+00	1.25242e+00
7.81551e+09	4.96515e+08	1.00000e+00	8.07185e+00	6.48054e+04	1.00000e+00	2.46745e-06	5.83108e-24	4.64493e-01	9.72871e-34	0.00000e+00	1.25224e+00
8.31203e+09	5.17375e+08	1.00000e+00	8.07185e+00	6.24099e+04	1.00000e+00	2.55288e-06	6.33664e-24	4.65404e-01	9.15558e-34	0.00000e+00	1.25205e+00
8.82940e+09	5.39160e+08	1.00000e+00	8.07185e+00	6.01035e+04	1.00000e+00	2.64027e-06	6.88666e-24	4.66412e-01	8.45562e-34	0.00000e+00	1.25185e+00
9.36856e+09	5.62013e+08	1.00000e+00	8.07185e+00	5.78835e+04	1.00000e+00	2.72952e-06	7.48486e-24	4.67514e-01	7.66625e-34	0.00000e+00	1.25158e+00
9.93058e+09	5.86147e+08	1.00000e+00	8.07185e+00	5.57457e+04	1.00000e+00	2.82092e-06	8.13734e-24	4.68710e-01	6.82856e-34	0.00000e+00	1.25137e+00
1.05167e+10	6.11373e+08	1.00000e+00	8.07185e+00	5.36895e+04	1.00000e+00	2.91428e-06	8.84813e-24	4.70002e-01	5.97899e-34	0.00000e+00	1.25114e+00
1.11281e+10	6.38557e+08	1.00000e+00	8.07185e+00	5.17110e+04	1.00000e+00	3.00967e-06	9.62347e-24	4.71393e-01	5.14893e-34	0.00000e+00	1.25089e+00
1.17667e+10	6.67586e+08	1.00000e+00	8.07185e+00	4.98075e+04	1.00000e+00	3.10709e-06	1.04698e-23	4.72888e-01	4.36407e-34	0.00000e+00	1.25063e+00
1.24342e+10	6.98726e+08	1.00000e+00	8.07185e+00	4.79772e+04	1.00000e+00	3.20653e-06	1.13940e-23	4.74495e-01	3.64345e-34	0.00000e+00	1.25035e+00
1.31330e+10	7.32607e+08	1.00000e+00	8.07185e+00	4.62164e+04	1.00000e+00	3.30806e-06	1.24047e-23	4.76222e-01	2.99839e-34	0.00000e+00	1.25005e+00
1.38656e+10	7.69165e+08	1.00000e+00	8.07185e+00	4.45224e+04	9.99999e-01	3.41172e-06	1.35112e-23	4.78080e-01	2.43442e-34	0.00000e+00	1.24974e+00
1.46347e+10	8.08612e+08	1.00000e+00	8.07185e+00	4.28928e+04	9.99999e-01	3.51753e-06	1.47239e-23	4.80080e-01	1.95196e-34	0.00000e+00	1.24940e+00
1.54433e+10	8.51358e+08	1.00000e+00	8.07185e+00	4.13251e+04	9.99999e-01	3.62555e-06	1.60546e-23	4.82233e-01	1.54737e-34	0.00000e+00	1.24904e+00
1.62947e+10	8.97709e+08	1.00000e+00	8.07185e+00	3.98171e+04	9.99999e-01	3.73581e-06	1.75164e-23	4.84554e-01	1.21426e-34	0.00000e+00	1.24865e+00
1.71924e+10	9.48093e+08	1.00000e+00	8.07185e+00	3.83664e+04	9.99999e-01	3.84836e-06	1.91243e-23	4.87059e-01	9.44577e-35	0.00000e+00	1.24823e+00
1.81405e+10	1.00294e+09	1.00000e+00	8.07185e+00	3.69706e+04	9.99999e-01	3.96322e-06	2.08953e-23	4.89765e-01	7.29542e-35	0.00000e+00	1.24778e+00
1.91434e+10	1.06265e+09	1.00000e+00	8.07185e+00	3.56279e+04	9.99999e-01	4.08047e-06	2.28487e-23	4.92691e-01	5.60416e-35	0.00000e+00	1.24729e+00
2.02061e+10	1.12782e+09	1.00000e+00	8.07185e+00	3.43359e+04	9.99999e-01	4.20012e-06	2.50061e-23	4.95858e-01	4.28994e-35	0.00000e+00	1.24677e+00
2.13339e+10	1.19894e+09	1.00000e+00	8.07185e+00	3.30929e+04	9.99999e-01	4.32223e-06	2.73921e-23	4.99290e-01	3.27927e-35	0.00000e+00	1.24620e+00
2.25329e+10	1.27684e+09	1.00000e+00	8.07185e+00	3.18969e+04	9.99999e-01	4.44683e-06	3.00353e-23	5.03011e-01	2.50861e-35	0.00000e+00	1.24559e+00
2.38097e+10	1.36202e+09	1.00000e+00	8.07185e+00	3.07465e+04	9.99998e-01	4.57393e-06	3.29663e-23	5.07050e-01	1.92527e-35	0.00000e+00	1.24492e+00
2.51717e+10	1.45616e+09	1.00000e+00	8.07185e+00	2.96397e+04	9.99998e-01	4.70359e-06	3.64916e-23	5.11440e-01	1.48677e-35	0.00000e+00	1.24420e+00
2.66279e+10	1.55980e+09	1.00000e+00	8.07185e+00	2.85745e+04	9.99998e-01	4.83584e-06	4.10093e-23	5.16215e-01	1.15905e-35	0.00000e+00	1.24341e+00
2.81877e+10	1.67378e+09	1.00000e+00	8.07185e+00	2.75492e+04	9.99998e-01	4.97074e-06	4.60708e-23	5.21413e-01	9.13186e-36	0.00000e+00	1.24255e+00
2.98615e+10	1.79877e+09	1.00000e+00	8.07185e+00	2.65623e+04	9.99998e-01	5.10828e-06	5.17444e-23	5.27072e-01	7.28927e-36	0.00000e+00	1.24162e+00
3.16602e+10	1.93666e+09	1.00000e+00	8.07185e+00	2.56122e+04	9.99998e-01	5.24853e-06	5.81124e-23	5.33236e-01	5.90819e-36	0.00000e+00	1.24061e+00
3.35969e+10	2.08819e+09	1.00000e+00	8.07185e+00	2.46977e+04	9.99998e-01	5.39142e-06	6.52644e-23	5.39950e-01	4.87348e-36	0.00000e+00	1.23950e+00
3.56851e+10	2.25587e+09	1.00000e+00	8.07185e+00	2.38173e+04	9.99998e-01	5.53698e-06	7.33075e-23	5.47264e-01	4.09863e-36	0.00000e+00	1.23830e+00
3.79409e+10	2.44121e+09	1.00000e+00	8.07185e+00	2.29699e+04	9.99998e-01	5.68520e-06	8.23629e-23	5.55230e-01	3.51988e-36	0.00000e+00	1.23699e+00
4.03822e+10	2.64676e+09	1.00000e+00	8.07185e+00	2.21541e+04	9.99998e-01	5.83604e-06	9.25701e-23	5.63905e-01	3.09010e-36	0.00000e+00	1.23557e+00
4.30289e+10	2.87511e+09	1.00000e+00	8.07185e+00	2.13689e+04	9.99997e-01	5.98945e-06	1.04089e-22	5.73347e-01	2.77464e-36	0.00000e+00	1.23402e+00
4.59040e+10	3.12994e+09	1.00000e+00	8.07185e+00	2.06132e+04	9.99997e-01	6.14538e-06	1.17105e-22	5.83617e-01	2.54802e-36	0.00000e+00	1.23233e+00
4.90340e+10	3.41476e+09	1.00000e+00	8.07185e+00	1.98859e+04	9.99997e-01	6.30374e-06	1.31830e-22	5.94780e-01	2.39156e-36	0.00000e+00	1.23050e+00
5.24487e+10	3.73466e+09	1.00000e+00	8.07185e+00	1.91857e+04	9.99997e-01	6.46450e-06	1.48514e-22	6.06900e-01	2.29150e-36	0.00000e+00	1.22852e+00
5.61834e+10	4.09357e+09	1.00000e+00	8.07185e+00	1.85122e+04	9.99997e-01	6.62747e-06	1.67431e-22	6.20038e-01	2.23781e-36	0.00000e+00	1.22637e+00
6.02770e+10	4.50059e+09	1.00000e+00	8.07185e+00	1.78644e+04	9.99997e-01	6.79253e-06	1.88902e-22	6.34260e-01	2.22301e-36	0.00000e+00	1.22404e+00
6.47776e+10	4.96437e+09	1.00000e+00	8.07185e+00	1.72414e+04	9.99997e-01	6.95956e-06	2.13299e-22	6.49626e-01	2.24153e-36	0.00000e+00	1.22152e+00
6.97419e+10	5.49543e+09	1.00000e+00	8.07185e+00	1.66425e+04	9.99997e-01	7.12834e-06	2.41035e-22	6.66192e-01	2.28911e-36	0.00000e+00	1.21881e+00
7.52374e+10	6.10869e+09	1.00000e+00	8.07185e+00	1.60670e+04	9.99997e-01	7.29868e-06	2.72593e-22	6.84004e-01	2.36247e-36	0.00000e+00	1.21590e+00
8.13460e+10	6.82100e+09	1.00000e+00	8.07185e+00	1.55140e+04	9.99996e-01	7.47037e-06	3.08514e-22	7.03093e-01	2.45894e-36	0.00000e+00	1.21279e+00
8.81670e+10	7.65475e+09	1.00000e+00	8.07185e+00	1.49830e+04	9.99996e-01	7.64319e-06	3.49410e-22	7.23465e-01	2.57633e-36	0.00000e+00	1.20946e+00
9.58218e+10	8.64059e+09	1.00000e+00	8.07185e+00	1.44735e+04	9.99996e-01	7.81689e-06	3.95966e-22	7.45098e-01	2.71271e-36	0.00000e+00	1.20594e+00
1.04462e+11	9.81827e+09	1.00000e+00	8.07185e+00	1.39850e+04	9.99996e-01	7.99122e-06	4.48661e-22	7.67928e-01	2.86572e-36	0.00000e+00	1.20222e+00
1.14281e+11	1.12432e+10	1.00000e+00	8.07185e+00	1.35173e+04	9.99996e-01	8.16590e-06	5.05479e-22	7.91836e-01	3.02751e-36	0.00000e+00	1.19833e+00
1.25524e+11	1.29954e+10	1.00000e+00	8.07185e+00	1.30700e+04	9.99995e-01	8.34061e-06	5.69547e-22	8.16639e-01	3.20254e-36	0.00000e+00	1.19430e+00
1.38519e+11	1.51912e+10	1.00000e+00	8.07185e+00	1.26434e+04	9.99995e-01	8.51503e-06	6.41594e-22	8.42065e-01	3.38946e-36	0.00000e+00	1.19017e+00
1.53711e+11	1.80066e+10	1.00000e+00	8.07185e+00	1.22378e+04	9.99995e-01	8.68863e-06	7.22235e-22	8.67740e-01	3.58694e-36	0.00000e+00	1.18601e+00
1.71717e+11	2.17331e+10	1.00000e+00	8.07185e+00	1.18541e+04	9.99995e-01	8.86079e-06	8.11899e-22	8.93171e-01	3.79367e-36	0.00000e+00	1.18190e+00
1.93450e+11	2.68614e+10	1.00000e+00	8.07185e+00	1.14939e+04	9.99995e-01	9.03059e-06	9.10608e-22	9.17721e-01	4.00812e-36	0.00000e+00	1.17793e+00
2.20312e+11	3.42774e+10	1.00000e+00	8.07185e+00	1.11595e+04	9.99994e-01	9.19644e-06	1.01753e-21	9.40591e-01	4.22792e-36	0.00000e+00	1.17425e+00
2.54589e+11	4.57664e+10	1.00000e+00	8.07185e+00	1.08560e+04	9.99994e-01	9.35531e-06	1.13015e-21	9.60824e-01	4.44849e-36	0.00000e+00	1.17101e+00
3.00355e+11	6.54713e+10	1.00000e+00	8.07185e+00	1.05905e+04	9.99994e-01	9.50218e-06	1.24325e-21	9.77379e-01	4.66168e-36	0.00000e+00	1.16838e+00
3.65827e+11	1.04479e+11	1.00000e+00	8.07185e+00	1.03754e+04	9.99994e-01	9.62797e-06	1.34683e-21	9.89265e-01	4.85199e-36	0.00000e+00	1.16650e+00
4.70306e+11	2.01572e+11	1.00000e+00	8.07185e+00	1.02276e+04	9.99994e-01	9.71897e-06	1.42530e-21	9.96006e-01	4.99459e-36	0.00000e+00	1.16544e+00
6.71878e+11	4.03145e+11	1.00000e+00	8.07185e+00	1.01626e+04	9.99994e-01	9.76061e-06	1.46201e-21	9.98308e-01	5.06145e-36	0.00000e+00	1.16508e+00
1.07502e+12	8.06290e+11	1.00000e+00	8.07185e+00	1.01464e+04	9.99994e-01	9.77153e-06	1.47149e-21	9.98736e-01	5.07934e-36	0.00000e+00	1.16505e+00
1.88131e+12	1.61258e+12	1.00000e+00	8.07185e+00	1.01443e+04	9.99994e-01	9.77288e-06	1.47272e-21	9.98777e-01	5.08152e-36	0.00000e+00	1.16504e+00
3.49389e+12	3.22516e+12	1.00000e+00	8.07185e+00	1.01441e+04	9.99994e-01	9.77293e-06	1.47279e-21	9.98779e-01	5.08156e-36	0.00000e+00	1.16503e+00
6.71905e+12	6.45032e+12	1.00000e+00	8.07185e+00	1.01441e+04	9.99994e-01	9.77294e-06	1.47280e-21	9.98779e-01	5.08157e-36	0.00000e+00	1.16503e+00
1.31694e+13	6.45032e+12	1.00000e+00	8.07185e+00	1.01441e+04	9.99994e-01	9.77299e-06	1.47281e-21	9.98779e-01	5.08169e-36	0.00000e+00	1.16504e+00
