#elapsed time	time step 	scale cont	scalingDen	<T>	<H+/H rad>	<H0/H rad>	<2*H2/H rad>	<He+/He rad>	<CO/H>	<redshift>	<ne/nH>
0.00000e+00	1.00000e+05	1.00000e+00	4.90675e+00	1.01981e+04	9.99994e-01	5.91891e-06	2.99588e-22	9.97998e-01	3.02435e-37	0.00000e+00	1.16517e+00
0.00000e+00	1.00000e+05	1.00000e+00	4.90675e+00	1.01981e+04	9.99994e-01	5.91909e-06	2.99608e-22	9.97998e-01	3.02470e-37	0.00000e+00	1.16520e+00
1.00000e+05	1.00000e+05	1.00000e+20	4.90675e+00	5.18193e+04	9.99998e-01	1.71512e-06	1.01665e-22	9.83131e-01	9.52443e-37	0.00000e+00	1.16696e+00
2.00000e+05	1.00000e+05	1.00000e+20	4.90675e+00	9.34345e+04	9.99998e-01	1.69825e-06	5.28967e-23	9.83130e-01	1.65650e-36	0.00000e+00	1.16758e+00
3.00000e+05	1.00000e+05	1.00000e+20	4.90675e+00	1.35062e+05	9.99998e-01	1.67332e-06	4.11341e-23	9.83123e-01	2.39735e-36	0.00000e+00	1.16759e+00
4.00000e+05	1.00000e+05	1.00000e+20	4.90675e+00	1.76686e+05	9.99998e-01	1.64358e-06	3.61683e-23	9.83102e-01	3.14150e-36	0.00000e+00	1.16759e+00
5.00000e+05	1.00000e+05	1.00000e+20	4.90675e+00	2.18306e+05	9.99998e-01	1.61073e-06	3.25986e-23	9.83056e-01	3.85887e-36	0.00000e+00	1.16760e+00
6.00000e+05	1.00000e+05	1.00000e+20	4.90675e+00	2.59922e+05	9.99998e-01	1.57581e-06	2.95325e-23	9.82979e-01	4.52776e-36	0.00000e+00	1.16761e+00
7.00000e+05	1.00000e+05	1.00000e+20	4.90675e+00	3.01534e+05	9.99998e-01	1.53956e-06	2.67974e-23	9.82865e-01	5.13479e-36	0.00000e+00	1.16762e+00
8.00000e+05	1.00000e+05	1.00000e+20	4.90675e+00	3.43140e+05	9.99998e-01	1.50249e-06	2.43359e-23	9.82712e-01	5.67339e-36	0.00000e+00	1.16765e+00
9.00000e+05	1.00000e+05	1.00000e+20	4.90675e+00	3.84740e+05	9.99998e-01	1.46498e-06	2.21134e-23	9.82519e-01	6.14202e-36	0.00000e+00	1.16769e+00
1.00000e+06	1.00000e+05	1.00000e+20	4.90675e+00	4.26337e+05	9.99998e-01	1.42731e-06	2.01031e-23	9.82284e-01	6.54258e-36	0.00000e+00	1.16772e+00
1.10000e+06	1.00000e+05	5.23327e+17	4.90675e+00	4.26522e+05	9.99998e-01	1.39076e-06	1.82877e-23	9.82049e-01	6.88625e-36	0.00000e+00	1.16776e+00
1.20000e+06	1.00000e+05	1.00000e+00	4.90675e+00	4.26490e+05	9.99998e-01	1.35529e-06	1.66400e-23	9.81814e-01	7.18213e-36	0.00000e+00	1.16780e+00
1.30000e+06	1.00000e+05	1.00000e+00	4.90675e+00	4.26456e+05	9.99998e-01	1.32089e-06	1.51434e-23	9.81580e-01	7.43769e-36	0.00000e+00	1.16785e+00
1.40000e+06	2.00000e+05	1.00000e+00	4.90675e+00	4.26394e+05	9.99999e-01	1.25607e-06	1.26496e-23	9.81110e-01	7.82826e-36	0.00000e+00	1.16793e+00
1.60000e+06	4.00000e+05	1.00000e+00	4.90675e+00	4.26268e+05	9.99999e-01	1.14061e-06	9.08814e-24	9.80173e-01	8.31497e-36	0.00000e+00	1.16810e+00
2.00000e+06	8.00000e+05	1.00000e+00	4.90675e+00	4.26018e+05	9.99999e-01	9.55277e-07	5.12343e-24	9.78305e-01	8.73343e-36	0.00000e+00	1.16844e+00
2.80000e+06	1.60000e+06	1.00000e+00	4.90675e+00	4.25521e+05	9.99999e-01	7.06854e-07	2.04376e-24	9.74587e-01	8.76185e-36	0.00000e+00	1.16912e+00
4.40000e+06	3.20000e+06	1.00000e+00	4.90675e+00	4.24536e+05	9.99999e-01	4.56596e-07	5.37720e-25	9.67235e-01	7.94265e-36	0.00000e+00	1.17002e+00
7.60000e+06	6.40000e+06	1.00000e+00	4.90675e+00	4.22526e+05	9.99999e-01	2.88789e-07	1.05512e-25	9.52839e-01	6.07349e-36	0.00000e+00	1.17305e+00
1.40000e+07	1.28000e+07	1.00000e+00	4.90675e+00	4.18819e+05	9.99999e-01	2.22892e-07	3.32037e-26	9.25214e-01	3.79208e-36	0.00000e+00	1.17802e+00
2.68000e+07	2.56000e+07	1.00000e+00	4.90675e+00	4.11959e+05	9.99999e-01	2.12613e-07	2.63256e-26	8.74188e-01	2.01867e-36	0.00000e+00	1.18712e+00
5.24000e+07	5.12000e+07	1.00000e+00	4.90675e+00	4.00068e+05	9.99999e-01	2.20223e-07	2.78929e-26	7.86201e-01	9.58295e-37	0.00000e+00	1.20260e+00
1.03600e+08	6.89045e+07	1.00000e+00	4.90675e+00	3.86798e+05	9.99999e-01	2.31304e-07	3.05984e-26	6.87823e-01	4.62971e-37	0.00000e+00	1.21907e+00
1.72505e+08	8.03365e+07	1.00000e+00	4.90675e+00	3.74057e+05	9.99999e-01	2.42779e-07	3.35382e-26	5.93998e-01	2.23856e-37	0.00000e+00	1.23442e+00
2.52841e+08	9.43427e+07	1.00000e+00	4.90675e+00	3.61857e+05	9.99999e-01	2.54548e-07	3.66909e-26	5.05392e-01	1.03055e-37	0.00000e+00	1.24885e+00
3.47184e+08	1.11932e+08	1.00000e+00	4.90675e+00	3.50233e+05	9.99999e-01	2.66540e-07	4.00473e-26	4.22486e-01	4.43173e-38	0.00000e+00	1.26231e+00
4.59116e+08	1.34899e+08	1.00000e+00	4.90675e+00	3.39185e+05	9.99999e-01	2.78703e-07	4.36006e-26	3.45522e-01	1.78118e-38	0.00000e+00	1.27477e+00
5.94015e+08	1.65669e+08	1.00000e+00	4.90675e+00	3.28725e+05	9.99999e-01	2.90963e-07	4.73346e-26	2.74812e-01	6.87247e-39	0.00000e+00	1.28617e+00
7.59684e+08	2.08261e+08	1.00000e+00	4.90675e+00	3.18866e+05	9.99999e-01	3.03226e-07	5.12241e-26	2.10760e-01	2.72557e-39	0.00000e+00	1.29645e+00
9.67945e+08	2.69407e+08	1.00000e+00	4.90675e+00	3.09626e+05	9.99999e-01	3.15369e-07	5.52289e-26	1.53942e-01	1.24067e-39	0.00000e+00	1.30553e+00
1.23735e+09	2.69407e+08	1.00000e+00	4.90675e+00	3.02747e+05	9.99999e-01	3.24809e-07	5.84495e-26	1.13958e-01	7.58812e-40	0.00000e+00	1.31171e+00
1.50676e+09	2.02402e+08	1.00000e+00	4.90675e+00	2.98573e+05	9.99999e-01	3.30699e-07	6.05075e-26	9.07951e-02	5.92088e-40	0.00000e+00	1.31514e+00
1.70916e+09	4.04804e+08	1.00000e+00	4.90675e+00	2.92512e+05	9.99999e-01	3.39214e-07	6.35562e-26	6.11641e-02	4.59819e-40	0.00000e+00	1.31839e+00
2.11397e+09	7.81456e+08	1.00000e+00	4.90675e+00	2.85004e+05	9.99999e-01	3.50451e-07	6.76888e-26	3.27047e-02	3.54121e-40	0.00000e+00	1.32323e+00
2.89542e+09	1.18664e+09	1.00000e+00	4.90675e+00	2.77929e+05	9.99999e-01	3.61348e-07	7.18319e-26	1.48184e-02	2.66600e-40	0.00000e+00	1.32653e+00
4.08207e+09	1.86451e+09	1.00000e+00	4.90675e+00	2.70550e+05	9.99999e-01	3.73065e-07	7.64358e-26	5.68022e-03	1.94873e-40	0.00000e+00	1.32875e+00
5.94658e+09	2.73471e+09	1.00000e+00	4.90675e+00	2.62327e+05	9.99999e-01	3.86470e-07	8.19012e-26	2.22281e-03	1.48672e-40	0.00000e+00	1.32931e+00
8.68128e+09	3.48971e+09	1.00000e+00	4.90675e+00	2.53250e+05	9.99999e-01	4.02196e-07	8.85661e-26	1.28128e-03	1.34816e-40	0.00000e+00	1.32947e+00
1.21710e+10	3.89440e+09	1.00000e+00	4.90675e+00	2.43903e+05	9.99999e-01	4.19548e-07	9.62389e-26	1.14578e-03	1.59905e-40	0.00000e+00	1.32929e+00
1.60654e+10	4.06502e+09	1.00000e+00	4.90675e+00	2.34588e+05	9.99999e-01	4.38282e-07	1.04896e-25	1.23954e-03	2.47017e-40	0.00000e+00	1.32927e+00
2.01304e+10	4.09465e+09	1.00000e+00	4.90675e+00	2.25493e+05	9.99999e-01	4.58076e-07	1.14470e-25	1.41425e-03	4.51959e-40	0.00000e+00	1.32923e+00
2.42251e+10	4.06074e+09	1.00000e+00	4.90675e+00	2.16640e+05	9.99999e-01	4.79016e-07	1.25076e-25	1.63891e-03	8.98622e-40	0.00000e+00	1.32940e+00
2.82858e+10	3.97509e+09	1.00000e+00	4.90675e+00	2.08091e+05	9.99999e-01	5.00859e-07	1.36678e-25	1.91034e-03	1.83698e-39	0.00000e+00	1.32934e+00
3.22609e+10	3.87013e+09	1.00000e+00	4.90675e+00	1.99819e+05	9.99999e-01	5.23761e-07	1.49435e-25	2.23512e-03	3.77658e-39	0.00000e+00	1.32927e+00
3.61310e+10	3.73923e+09	1.00000e+00	4.90675e+00	1.91852e+05	9.99999e-01	5.47551e-07	1.63345e-25	2.62104e-03	7.69142e-39	0.00000e+00	1.32889e+00
3.98703e+10	3.60201e+09	1.00000e+00	4.90675e+00	1.84164e+05	9.99999e-01	5.72515e-07	1.78659e-25	3.07945e-03	1.54679e-38	0.00000e+00	1.32878e+00
4.34723e+10	3.45138e+09	1.00000e+00	4.90675e+00	1.76796e+05	9.99999e-01	5.98548e-07	1.95421e-25	3.61984e-03	3.04962e-38	0.00000e+00	1.32898e+00
4.69236e+10	3.31278e+09	1.00000e+00	4.90675e+00	1.69743e+05	9.99999e-01	6.25382e-07	2.13578e-25	4.25464e-03	5.87137e-38	0.00000e+00	1.32886e+00
5.02364e+10	3.18892e+09	1.00000e+00	4.90675e+00	1.62950e+05	9.99999e-01	6.53167e-07	2.33342e-25	4.99989e-03	1.10487e-37	0.00000e+00	1.32835e+00
5.34253e+10	3.06010e+09	1.00000e+00	4.90675e+00	1.56411e+05	9.99999e-01	6.82232e-07	2.55054e-25	5.86872e-03	2.03081e-37	0.00000e+00	1.32817e+00
5.64854e+10	2.92756e+09	1.00000e+00	4.90675e+00	1.50161e+05	9.99999e-01	7.12418e-07	2.78744e-25	6.87017e-03	3.62875e-37	0.00000e+00	1.32836e+00
5.94130e+10	2.81339e+09	1.00000e+00	4.90675e+00	1.44191e+05	9.99999e-01	7.43354e-07	3.04294e-25	8.01741e-03	6.28606e-37	0.00000e+00	1.32814e+00
6.22264e+10	2.71823e+09	1.00000e+00	4.90675e+00	1.38446e+05	9.99999e-01	7.75456e-07	3.32179e-25	9.32742e-03	1.05859e-36	0.00000e+00	1.32790e+00
6.49446e+10	2.62021e+09	1.00000e+00	4.90675e+00	1.32939e+05	9.99999e-01	8.08399e-07	3.62311e-25	1.08044e-02	1.72518e-36	0.00000e+00	1.32724e+00
6.75648e+10	2.53019e+09	1.00000e+00	4.90675e+00	1.27642e+05	9.99999e-01	8.42737e-07	3.95335e-25	1.24569e-02	2.72631e-36	0.00000e+00	1.32694e+00
7.00950e+10	2.43888e+09	1.00000e+00	4.90675e+00	1.22587e+05	9.99999e-01	8.78005e-07	4.31050e-25	1.42805e-02	4.15976e-36	0.00000e+00	1.32661e+00
7.25339e+10	2.36554e+09	1.00000e+00	4.90675e+00	1.17743e+05	9.99999e-01	9.14338e-07	4.69794e-25	1.62829e-02	6.13515e-36	0.00000e+00	1.32626e+00
7.48994e+10	2.29994e+09	1.00000e+00	4.90675e+00	1.13103e+05	9.99999e-01	9.51723e-07	5.11792e-25	1.84627e-02	8.74260e-36	0.00000e+00	1.32587e+00
7.71994e+10	2.24265e+09	1.00000e+00	4.90675e+00	1.08657e+05	9.99999e-01	9.90181e-07	5.57321e-25	2.08175e-02	1.20378e-35	0.00000e+00	1.32546e+00
7.94420e+10	2.19215e+09	1.00000e+00	4.90675e+00	1.04395e+05	9.99999e-01	1.02972e-06	6.06671e-25	2.33421e-02	1.60188e-35	0.00000e+00	1.32502e+00
8.16342e+10	2.14796e+09	1.00000e+00	4.90675e+00	1.00310e+05	9.99999e-01	1.07035e-06	6.60151e-25	2.60300e-02	2.06104e-35	0.00000e+00	1.32455e+00
8.37821e+10	2.10979e+09	1.00000e+00	4.90675e+00	9.63937e+04	9.99999e-01	1.11228e-06	7.18338e-25	2.88748e-02	2.56797e-35	0.00000e+00	1.32431e+00
8.58919e+10	2.07714e+09	1.00000e+00	4.90675e+00	9.26484e+04	9.99999e-01	1.15498e-06	7.80958e-25	3.18679e-02	3.09629e-35	0.00000e+00	1.32377e+00
8.79691e+10	2.05528e+09	1.00000e+00	4.90675e+00	8.90462e+04	9.99999e-01	1.19891e-06	8.49003e-25	3.50112e-02	3.62150e-35	0.00000e+00	1.32321e+00
9.00243e+10	2.03227e+09	1.00000e+00	4.90675e+00	8.55918e+04	9.99999e-01	1.24396e-06	9.22738e-25	3.82896e-02	4.11198e-35	0.00000e+00	1.32262e+00
9.20566e+10	2.01418e+09	1.00000e+00	4.90675e+00	8.22779e+04	9.99999e-01	1.28997e-06	1.00242e-24	4.16977e-02	4.53623e-35	0.00000e+00	1.32183e+00
9.40708e+10	2.00034e+09	1.00000e+00	4.90675e+00	7.90935e+04	9.99999e-01	1.33739e-06	1.08924e-24	4.52320e-02	4.87410e-35	0.00000e+00	1.32122e+00
9.60711e+10	1.98737e+09	1.00000e+00	4.90675e+00	7.60443e+04	9.99999e-01	1.38586e-06	1.18321e-24	4.88835e-02	5.10524e-35	0.00000e+00	1.32059e+00
9.80585e+10	1.98253e+09	1.00000e+00	4.90675e+00	7.31177e+04	9.99999e-01	1.43551e-06	1.28519e-24	5.26586e-02	5.22044e-35	0.00000e+00	1.31994e+00
1.00041e+11	1.98126e+09	1.00000e+00	4.90675e+00	7.03088e+04	9.99999e-01	1.48649e-06	1.39615e-24	5.65579e-02	5.22033e-35	0.00000e+00	1.31942e+00
1.02022e+11	1.98367e+09	1.00000e+00	4.90675e+00	6.76160e+04	9.99999e-01	1.53829e-06	1.51594e-24	6.05825e-02	5.10531e-35	0.00000e+00	1.31859e+00
1.04006e+11	1.99240e+09	1.00000e+00	4.90675e+00	6.50232e+04	9.99999e-01	1.59160e-06	1.64680e-24	6.47425e-02	4.89244e-35	0.00000e+00	1.31788e+00
1.05998e+11	1.99864e+09	1.00000e+00	4.90675e+00	6.25372e+04	9.99999e-01	1.64623e-06	1.78922e-24	6.90304e-02	4.59979e-35	0.00000e+00	1.31728e+00
1.07997e+11	2.01107e+09	1.00000e+00	4.90675e+00	6.01528e+04	9.99999e-01	1.70171e-06	1.94336e-24	7.34571e-02	4.24245e-35	0.00000e+00	1.31640e+00
1.10008e+11	2.02940e+09	1.00000e+00	4.90675e+00	5.78573e+04	9.99999e-01	1.75893e-06	2.11235e-24	7.80368e-02	3.84539e-35	0.00000e+00	1.31575e+00
1.12037e+11	2.04602e+09	1.00000e+00	4.90675e+00	5.56585e+04	9.99999e-01	1.81694e-06	2.29532e-24	8.27649e-02	3.42513e-35	0.00000e+00	1.31482e+00
1.14083e+11	2.07165e+09	1.00000e+00	4.90675e+00	5.35415e+04	9.99999e-01	1.87656e-06	2.49580e-24	8.76645e-02	3.00113e-35	0.00000e+00	1.31400e+00
1.16155e+11	2.09578e+09	1.00000e+00	4.90675e+00	5.15111e+04	9.99999e-01	1.93742e-06	2.71440e-24	9.27342e-02	2.58899e-35	0.00000e+00	1.31314e+00
1.18251e+11	2.12677e+09	1.00000e+00	4.90675e+00	4.95615e+04	9.99999e-01	1.99959e-06	2.95320e-24	9.79928e-02	2.20014e-35	0.00000e+00	1.31226e+00
1.20378e+11	2.16259e+09	1.00000e+00	4.90675e+00	4.76897e+04	9.99999e-01	2.06306e-06	3.21427e-24	1.03456e-01	1.84317e-35	0.00000e+00	1.31134e+00
1.22540e+11	2.20401e+09	1.00000e+00	4.90675e+00	4.58920e+04	9.99999e-01	2.12790e-06	3.50009e-24	1.09140e-01	1.52320e-35	0.00000e+00	1.31038e+00
1.24744e+11	2.25054e+09	1.00000e+00	4.90675e+00	4.41653e+04	9.99999e-01	2.19411e-06	3.81331e-24	1.15065e-01	1.24274e-35	0.00000e+00	1.30939e+00
1.26995e+11	2.30254e+09	1.00000e+00	4.90675e+00	4.25067e+04	9.99999e-01	2.26172e-06	4.15696e-24	1.21247e-01	1.00190e-35	0.00000e+00	1.30835e+00
1.29297e+11	2.36043e+09	1.00000e+00	4.90675e+00	4.09136e+04	9.99999e-01	2.33073e-06	4.53441e-24	1.27708e-01	7.98999e-36	0.00000e+00	1.30727e+00
1.31658e+11	2.42474e+09	1.00000e+00	4.90675e+00	3.93832e+04	9.99999e-01	2.40117e-06	4.94947e-24	1.34471e-01	6.31053e-36	0.00000e+00	1.30614e+00
1.34083e+11	2.49599e+09	1.00000e+00	4.90675e+00	3.79131e+04	9.99999e-01	2.47307e-06	5.40647e-24	1.41559e-01	4.94285e-36	0.00000e+00	1.30495e+00
1.36579e+11	2.57469e+09	1.00000e+00	4.90675e+00	3.65006e+04	9.99999e-01	2.54643e-06	5.91028e-24	1.49000e-01	3.84551e-36	0.00000e+00	1.30371e+00
1.39153e+11	2.66136e+09	1.00000e+00	4.90675e+00	3.51436e+04	9.99999e-01	2.62127e-06	6.46635e-24	1.56822e-01	2.97690e-36	0.00000e+00	1.30240e+00
1.41815e+11	2.75696e+09	1.00000e+00	4.90675e+00	3.38400e+04	9.99999e-01	2.69759e-06	7.08086e-24	1.65055e-01	2.29757e-36	0.00000e+00	1.30103e+00
1.44572e+11	2.86268e+09	1.00000e+00	4.90675e+00	3.25874e+04	9.99999e-01	2.77542e-06	7.76089e-24	1.73734e-01	1.77160e-36	0.00000e+00	1.29958e+00
1.47434e+11	2.97914e+09	1.00000e+00	4.90675e+00	3.13840e+04	9.99999e-01	2.85475e-06	8.51441e-24	1.82898e-01	1.36789e-36	0.00000e+00	1.29805e+00
1.50413e+11	3.10763e+09	1.00000e+00	4.90675e+00	3.02282e+04	9.99999e-01	2.93558e-06	9.35017e-24	1.92585e-01	1.06023e-36	0.00000e+00	1.29644e+00
1.53521e+11	3.25104e+09	1.00000e+00	4.90675e+00	2.91175e+04	9.99999e-01	3.01792e-06	1.04114e-23	2.02844e-01	8.27325e-37	0.00000e+00	1.29473e+00
1.56772e+11	3.40909e+09	1.00000e+00	4.90675e+00	2.80501e+04	9.99999e-01	3.10177e-06	1.16297e-23	2.13723e-01	6.51331e-37	0.00000e+00	1.29292e+00
1.60181e+11	3.58349e+09	1.00000e+00	4.90675e+00	2.70242e+04	9.99998e-01	3.18713e-06	1.29890e-23	2.25272e-01	5.18562e-37	0.00000e+00	1.29100e+00
1.63765e+11	3.77610e+09	1.00000e+00	4.90675e+00	2.60383e+04	9.99998e-01	3.27397e-06	1.45074e-23	2.37547e-01	4.18543e-37	0.00000e+00	1.28897e+00
1.67541e+11	3.98899e+09	1.00000e+00	4.90675e+00	2.50908e+04	9.99998e-01	3.36227e-06	1.62048e-23	2.50604e-01	3.43273e-37	0.00000e+00	1.28680e+00
1.71530e+11	4.22508e+09	1.00000e+00	4.90675e+00	2.41801e+04	9.99998e-01	3.45200e-06	1.81044e-23	2.64507e-01	2.86698e-37	0.00000e+00	1.28450e+00
1.75755e+11	4.48760e+09	1.00000e+00	4.90675e+00	2.33050e+04	9.99998e-01	3.54311e-06	2.02325e-23	2.79326e-01	2.44281e-37	0.00000e+00	1.28205e+00
1.80242e+11	4.78016e+09	1.00000e+00	4.90675e+00	2.24640e+04	9.99998e-01	3.63555e-06	2.26188e-23	2.95131e-01	2.12640e-37	0.00000e+00	1.27943e+00
1.85023e+11	5.10729e+09	1.00000e+00	4.90675e+00	2.16559e+04	9.99998e-01	3.72926e-06	2.52971e-23	3.12003e-01	1.89264e-37	0.00000e+00	1.27664e+00
1.90130e+11	5.47463e+09	1.00000e+00	4.90675e+00	2.08793e+04	9.99998e-01	3.82417e-06	2.83063e-23	3.30023e-01	1.72295e-37	0.00000e+00	1.27367e+00
1.95604e+11	5.88816e+09	1.00000e+00	4.90675e+00	2.01332e+04	9.99998e-01	3.92018e-06	3.16899e-23	3.49279e-01	1.60364e-37	0.00000e+00	1.27049e+00
2.01493e+11	6.35550e+09	1.00000e+00	4.90675e+00	1.94163e+04	9.99998e-01	4.01723e-06	3.54984e-23	3.69860e-01	1.52456e-37	0.00000e+00	1.26710e+00
2.07848e+11	6.88467e+09	1.00000e+00	4.90675e+00	1.87275e+04	9.99998e-01	4.11518e-06	3.97875e-23	3.91856e-01	1.47825e-37	0.00000e+00	1.26348e+00
2.14733e+11	7.48792e+09	1.00000e+00	4.90675e+00	1.80661e+04	9.99998e-01	4.21390e-06	4.46193e-23	4.15358e-01	1.45913e-37	0.00000e+00	1.25962e+00
2.22221e+11	8.18048e+09	1.00000e+00	4.90675e+00	1.74309e+04	9.99998e-01	4.31326e-06	5.00654e-23	4.40458e-01	1.46297e-37	0.00000e+00	1.25550e+00
2.30401e+11	8.97981e+09	1.00000e+00	4.90675e+00	1.68211e+04	9.99998e-01	4.41309e-06	5.62040e-23	4.67245e-01	1.48648e-37	0.00000e+00	1.25110e+00
2.39381e+11	9.90829e+09	1.00000e+00	4.90675e+00	1.62358e+04	9.99998e-01	4.51323e-06	6.31236e-23	4.95793e-01	1.52700e-37	0.00000e+00	1.24643e+00
2.49289e+11	1.09938e+10	1.00000e+00	4.90675e+00	1.56742e+04	9.99998e-01	4.61350e-06	7.09210e-23	5.26160e-01	1.58227e-37	0.00000e+00	1.24146e+00
2.60283e+11	1.22727e+10	1.00000e+00	4.90675e+00	1.51354e+04	9.99997e-01	4.71371e-06	7.97029e-23	5.58373e-01	1.65027e-37	0.00000e+00	1.23619e+00
2.72556e+11	1.37922e+10	1.00000e+00	4.90675e+00	1.46190e+04	9.99997e-01	4.81370e-06	8.95848e-23	5.92421e-01	1.72915e-37	0.00000e+00	1.23063e+00
2.86348e+11	1.56160e+10	1.00000e+00	4.90675e+00	1.41242e+04	9.99997e-01	4.91327e-06	1.00689e-22	6.28232e-01	1.81715e-37	0.00000e+00	1.22479e+00
3.01964e+11	1.78308e+10	1.00000e+00	4.90675e+00	1.36507e+04	9.99997e-01	5.01226e-06	1.12545e-22	6.65661e-01	1.91068e-37	0.00000e+00	1.21870e+00
3.19795e+11	2.05617e+10	1.00000e+00	4.90675e+00	1.31981e+04	9.99997e-01	5.11050e-06	1.25580e-22	7.04466e-01	2.00948e-37	0.00000e+00	1.21238e+00
3.40356e+11	2.39866e+10	1.00000e+00	4.90675e+00	1.27665e+04	9.99997e-01	5.20783e-06	1.40022e-22	7.44276e-01	2.11280e-37	0.00000e+00	1.20592e+00
3.64343e+11	2.83804e+10	1.00000e+00	4.90675e+00	1.23562e+04	9.99997e-01	5.30411e-06	1.55946e-22	7.84567e-01	2.21972e-37	0.00000e+00	1.19939e+00
3.92723e+11	3.41802e+10	1.00000e+00	4.90675e+00	1.19677e+04	9.99997e-01	5.39909e-06	1.73384e-22	8.24628e-01	2.32959e-37	0.00000e+00	1.19290e+00
4.26904e+11	4.21275e+10	1.00000e+00	4.90675e+00	1.16027e+04	9.99997e-01	5.49249e-06	1.92288e-22	8.63529e-01	2.44191e-37	0.00000e+00	1.18662e+00
4.69031e+11	5.35666e+10	1.00000e+00	4.90675e+00	1.12633e+04	9.99997e-01	5.58384e-06	2.12502e-22	9.00090e-01	2.55625e-37	0.00000e+00	1.18074e+00
5.22598e+11	7.10888e+10	1.00000e+00	4.90675e+00	1.09537e+04	9.99997e-01	5.67192e-06	2.33585e-22	9.32843e-01	2.67120e-37	0.00000e+00	1.17548e+00
5.93687e+11	1.00632e+11	1.00000e+00	4.90675e+00	1.06811e+04	9.99996e-01	5.75449e-06	2.54669e-22	9.60140e-01	2.78369e-37	0.00000e+00	1.17113e+00
6.94318e+11	1.57706e+11	1.00000e+00	4.90675e+00	1.04571e+04	9.99996e-01	5.82699e-06	2.74108e-22	9.80331e-01	2.88676e-37	0.00000e+00	1.16793e+00
8.52025e+11	2.94471e+11	1.00000e+00	4.90675e+00	1.02981e+04	9.99996e-01	5.88199e-06	2.89301e-22	9.92393e-01	2.96801e-37	0.00000e+00	1.16604e+00
1.14650e+12	5.88941e+11	1.00000e+00	4.90675e+00	1.02221e+04	9.99996e-01	5.91013e-06	2.97091e-22	9.96946e-01	3.01092e-37	0.00000e+00	1.16540e+00
1.73544e+12	1.17788e+12	1.00000e+00	4.90675e+00	1.02014e+04	9.99996e-01	5.91765e-06	2.99237e-22	9.97890e-01	3.02239e-37	0.00000e+00	1.16519e+00
2.91332e+12	2.35577e+12	1.00000e+00	4.90675e+00	1.01983e+04	9.99996e-01	5.91914e-06	2.99598e-22	9.97994e-01	3.02482e-37	0.00000e+00	1.16523e+00
5.26908e+12	4.71153e+12	1.00000e+00	4.90675e+00	1.01981e+04	9.99996e-01	5.91910e-06	2.99608e-22	9.98000e-01	3.02471e-37	0.00000e+00	1.16520e+00
9.98062e+12	9.42306e+12	1.00000e+00	4.90675e+00	1.01981e+04	9.99996e-01	5.91911e-06	2.99610e-22	9.98000e-01	3.02473e-37	0.00000e+00	1.16520e+00
1.94037e+13	9.42306e+12	1.00000e+00	4.90675e+00	1.01981e+04	9.99996e-01	5.91911e-06	2.99610e-22	9.98000e-01	3.02473e-37	0.00000e+00	1.16520e+00
